-0.1952572
0.02744617
1.512683
-0.1952572
0.3199733
1.470404
-0.2123656
0.5971767
1.416609
-0.2014403
0.7050434
1.402592
-0.3501455
0.4737641
1.422872
-0.4122149
0.2845364
1.423286
-0.218678
0.3420625
1.313232
-0.1856698
0.3566557
1.304081
-0.04364685
0.486196
1.468345
0.01537959
0.2979353
1.469514
-0.1534844
0.3354771
1.318139
-0.1981949
0.3548521
1.298987
-0.1338228
0.03872556
1.510813
-0.1930424
-0.3027119
1.570088
-0.2657073
-0.6221807
1.633402
-0.2922103
-0.6756731
1.55195
-0.04693013
0.03366005
1.500368
-0.08086026
-0.2991328
1.556848
-0.07866696
-0.6372088
1.672674
-0.06509648
-0.6943694
1.608931
-0.02195919
0.5290094
1.443108
-0.1171632
0.4544323
1.345171
-0.1249377
0.4402905
1.3495
-0.01002395
0.3597234
1.281463
0.04049505
0.4309799
1.349868
-0.1952572
0.02744617
1.512683
-0.1952572
0.3199733
1.470404
-0.2123656
0.5971767
1.416609
-0.2014403
0.7050434
1.402592
-0.3501455
0.4737641
1.422872
-0.4122149
0.2845364
1.423286
-0.218678
0.3420625
1.313232
-0.1856698
0.3566557
1.304081
-0.04364685
0.486196
1.468345
0.01537959
0.2979353
1.469514
-0.1534844
0.3354771
1.318139
-0.1981949
0.3548521
1.298987
-0.1333431
0.03990089
1.512043
-0.223285
-0.283006
1.561844
-0.3483359
-0.6125736
1.608317
-0.3712464
-0.6572827
1.517394
-0.04693013
0.03366005
1.500368
-0.08086026
-0.2991328
1.556848
-0.07866696
-0.6372088
1.672674
-0.06509648
-0.6943694
1.608931
-0.01525931
0.5298924
1.442835
-0.1094825
0.4655473
1.340642
-0.1085317
0.4615044
1.329
-0.06615611
0.3620194
1.331414
-0.02315233
0.3780839
1.330454
-0.1952572
0.02744617
1.512683
-0.1952572
0.3199733
1.470404
-0.2123656
0.5971767
1.416609
-0.2014403
0.7050434
1.402592
-0.3501455
0.4737641
1.422872
-0.4122149
0.2845364
1.423286
-0.218678
0.3420625
1.313232
-0.1856698
0.3566557
1.304081
-0.04364685
0.486196
1.468345
0.01537959
0.2979353
1.469514
-0.1534844
0.3354771
1.318139
-0.1981949
0.3548521
1.298987
-0.131029
0.0434707
1.513653
-0.2634184
-0.2639829
1.551023
-0.4297566
-0.5723453
1.589627
-0.4617007
-0.6132708
1.500038
-0.04693013
0.03366005
1.500368
-0.08086026
-0.2991328
1.556848
-0.07866696
-0.6372088
1.672674
-0.06509648
-0.6943694
1.608931
-0.0006444152
0.5309965
1.442557
-0.09508403
0.4589287
1.342337
-0.1162156
0.4350612
1.362
0.03543866
0.4217201
1.33894
0.121637
0.4514932
1.354165
-0.1952572
0.02744617
1.512683
-0.1952572
0.3199733
1.470404
-0.2123656
0.5971767
1.416609
-0.2014403
0.7050434
1.402592
-0.3501455
0.4737641
1.422872
-0.4122149
0.2845364
1.423286
-0.218678
0.3420625
1.313232
-0.1856698
0.3566557
1.304081
-0.04364685
0.486196
1.468345
0.01537959
0.2979353
1.469514
-0.1534844
0.3354771
1.318139
-0.1981949
0.3548521
1.298987
-0.1276843
0.04928737
1.515608
-0.2956903
-0.2168383
1.537738
-0.5010675
-0.4921065
1.568169
-0.5451307
-0.5375851
1.494151
-0.04693013
0.03366005
1.500368
-0.08086026
-0.2991328
1.556848
-0.07866696
-0.6372088
1.672674
-0.06509648
-0.6943694
1.608931
0.008278712
0.5321149
1.442529
-0.08870807
0.4650137
1.348654
-0.105726
0.4488856
1.35925
0.03958007
0.4187126
1.335644
0.02693983
0.3373953
1.260976
-0.1952572
0.02744617
1.512683
-0.1952572
0.3199733
1.470404
-0.2123656
0.5971767
1.416609
-0.2014403
0.7050434
1.402592
-0.3501455
0.4737641
1.422872
-0.4122149
0.2845364
1.423286
-0.218678
0.3420625
1.313232
-0.1856698
0.3566557
1.304081
-0.04364685
0.486196
1.468345
0.01537959
0.2979353
1.469514
-0.1534844
0.3354771
1.318139
-0.1981949
0.3548521
1.298987
-0.1134057
0.06101225
1.516294
-0.3239111
-0.1695806
1.525573
-0.6058072
-0.4440264
1.554092
-0.644043
-0.4594727
1.469727
-0.04693013
0.03366005
1.500368
-0.08086026
-0.2991328
1.556848
-0.07866696
-0.6372088
1.672674
-0.06509648
-0.6943694
1.608931
0.01918799
0.5339586
1.442723
-0.07460046
0.4677067
1.344993
-0.1017246
0.4473983
1.366
0.04292292
0.4184789
1.334073
0.03414097
0.3409129
1.259091
-0.1952572
0.02744617
1.512683
-0.1952572
0.3199733
1.470404
-0.2123656
0.5971767
1.416609
-0.2014403
0.7050434
1.402592
-0.3501455
0.4737641
1.422872
-0.4122149
0.2845364
1.423286
-0.218678
0.3420625
1.313232
-0.1856698
0.3566557
1.304081
-0.04364685
0.486196
1.468345
0.01537959
0.2979353
1.469514
-0.1534844
0.3354771
1.318139
-0.1981949
0.3548521
1.298987
-0.0944507
0.06638584
1.516163
-0.343439
-0.1059342
1.511361
-0.6752006
-0.3448204
1.521691
-0.7329102
-0.3681641
1.462891
-0.04693013
0.03366005
1.500368
-0.08086026
-0.2991328
1.556848
-0.07866696
-0.6372088
1.672674
-0.06509648
-0.6943694
1.608931
0.02750711
0.5354843
1.442875
-0.06522863
0.4646569
1.342068
-0.08718648
0.4652766
1.350667
0.05375637
0.4269562
1.335743
0.03753961
0.3469107
1.261044
-0.1952572
0.02744617
1.512683
-0.1952572
0.3199733
1.470404
-0.2123656
0.5971767
1.416609
-0.2014403
0.7050434
1.402592
-0.3501455
0.4737641
1.422872
-0.4122149
0.2845364
1.423286
-0.218678
0.3420625
1.313232
-0.1856698
0.3566557
1.304081
-0.04364685
0.486196
1.468345
0.01537959
0.2979353
1.469514
-0.1534844
0.3354771
1.318139
-0.1981949
0.3548521
1.298987
-0.08505296
0.06834807
1.516036
-0.3637856
-0.06640691
1.504288
-0.6977556
-0.2432931
1.511057
-0.6842594
-0.280784
1.417158
-0.04693013
0.03366005
1.500368
-0.08086026
-0.2991328
1.556848
-0.07866696
-0.6372088
1.672674
-0.06509648
-0.6943694
1.608931
0.03295511
0.536323
1.442942
-0.0624214
0.4814698
1.344626
-0.08957259
0.4514711
1.369
-0.03484477
0.3749793
1.332729
0.0235185
0.3124466
1.260833
-0.1952572
0.02744617
1.512683
-0.1952572
0.3199733
1.470404
-0.2123656
0.5971767
1.416609
-0.2014403
0.7050434
1.402592
-0.3501455
0.4737641
1.422872
-0.4122149
0.2845364
1.423286
-0.218678
0.3420625
1.313232
-0.1856698
0.3566557
1.304081
-0.04364685
0.486196
1.468345
0.01537959
0.2979353
1.469514
-0.1534844
0.3354771
1.318139
-0.1981949
0.3548521
1.298987
-0.08354343
0.0704769
1.514868
-0.3817745
-0.03626386
1.497323
-0.7738663
-0.18735
1.500508
-0.8267207
-0.1947225
1.425829
-0.04693013
0.03366005
1.500368
-0.08086026
-0.2991328
1.556848
-0.07866696
-0.6372088
1.672674
-0.06509648
-0.6943694
1.608931
0.0387127
0.537507
1.443033
-0.04920099
0.4432294
1.364373
-0.1273651
0.4363106
1.397538
-0.03121369
0.3802715
1.332384
0.02130235
0.3132583
1.260998
-0.1952572
0.02744617
1.512683
-0.1952572
0.3199733
1.470404
-0.2123656
0.5971767
1.416609
-0.2014403
0.7050434
1.402592
-0.3501455
0.4737641
1.422872
-0.4122149
0.2845364
1.423286
-0.218678
0.3420625
1.313232
-0.1856698
0.3566557
1.304081
-0.04364685
0.486196
1.468345
0.01537959
0.2979353
1.469514
-0.1534844
0.3354771
1.318139
-0.1981949
0.3548521
1.298987
-0.08234043
0.07272778
1.513873
-0.4005093
-0.01018984
1.490285
-0.7901729
-0.1260548
1.485242
-0.8508912
-0.129554
1.411591
-0.04693013
0.03366005
1.500368
-0.08086026
-0.2991328
1.556848
-0.07866696
-0.6372088
1.672674
-0.06509648
-0.6943694
1.608931
0.03929665
0.5376594
1.443017
-0.0421682
0.4832187
1.362664
-0.1480275
0.4651374
1.409357
-0.03302201
0.38234
1.33245
0.02432605
0.3165673
1.260297
-0.1952572
0.02744617
1.512683
-0.1952572
0.3199733
1.470404
-0.2123656
0.5971767
1.416609
-0.2014403
0.7050434
1.402592
-0.3501455
0.4737641
1.422872
-0.4122149
0.2845364
1.423286
-0.218678
0.3420625
1.313232
-0.1856698
0.3566557
1.304081
-0.04364685
0.486196
1.468345
0.01537959
0.2979353
1.469514
-0.1534844
0.3354771
1.318139
-0.1981949
0.3548521
1.298987
-0.0778949
0.07554941
1.512253
-0.4216274
0.01573925
1.484593
-0.8006037
-0.08326169
1.480493
-0.8605731
-0.07752906
1.405809
-0.04693013
0.03366005
1.500368
-0.08086026
-0.2991328
1.556848
-0.07866696
-0.6372088
1.672674
-0.06509648
-0.6943694
1.608931
0.04431261
0.5395339
1.443028
-0.04702244
0.4828993
1.357256
-0.1483098
0.463267
1.40992
-0.02739486
0.3843093
1.332541
0.0239888
0.31732
1.260799
-0.1952572
0.02744617
1.512683
-0.1952572
0.3199733
1.470404
-0.2123656
0.5971767
1.416609
-0.2014403
0.7050434
1.402592
-0.3501455
0.4737641
1.422872
-0.4122149
0.2845364
1.423286
-0.218678
0.3420625
1.313232
-0.1856698
0.3566557
1.304081
-0.04364685
0.486196
1.468345
0.01537959
0.2979353
1.469514
-0.1534844
0.3354771
1.318139
-0.1981949
0.3548521
1.298987
-0.07610916
0.07610568
1.511639
-0.4228349
0.02131276
1.483275
-0.7972564
-0.06904116
1.47714
-0.8597639
-0.06544977
1.406744
-0.04693013
0.03366005
1.500368
-0.08086026
-0.2991328
1.556848
-0.07866696
-0.6372088
1.672674
-0.06509648
-0.6943694
1.608931
0.04437105
0.5395469
1.443017
-0.0452029
0.4804157
1.338295
-0.109482
0.4519649
1.391811
-0.02941885
0.3832686
1.333099
0.02305712
0.3169879
1.260903
-0.1952572
0.02744617
1.512683
-0.1952572
0.3199733
1.470404
-0.2123656
0.5971767
1.416609
-0.2014403
0.7050434
1.402592
-0.3501455
0.4737641
1.422872
-0.4122149
0.2845364
1.423286
-0.218678
0.3420625
1.313232
-0.1856698
0.3566557
1.304081
-0.04364685
0.486196
1.468345
0.01537959
0.2979353
1.469514
-0.1534844
0.3354771
1.318139
-0.1981949
0.3548521
1.298987
-0.07397705
0.07708008
1.510914
-0.4178667
0.03489684
1.481684
-0.7948006
-0.05729269
1.475777
-0.8585011
-0.05283088
1.407728
-0.04693013
0.03366005
1.500368
-0.08086026
-0.2991328
1.556848
-0.07866696
-0.6372088
1.672674
-0.06509648
-0.6943694
1.608931
0.04442011
0.5396274
1.442977
-0.006816798
0.4304826
1.350469
-0.07909845
0.4655479
1.372963
-0.031534
0.3877213
1.330865
0.02323138
0.3179384
1.25985
-0.1952572
0.02744617
1.512683
-0.1952572
0.3199733
1.470404
-0.2123656
0.5971767
1.416609
-0.2014403
0.7050434
1.402592
-0.3501455
0.4737641
1.422872
-0.4122149
0.2845364
1.423286
-0.218678
0.3420625
1.313232
-0.1856698
0.3566557
1.304081
-0.04364685
0.486196
1.468345
0.01537959
0.2979353
1.469514
-0.1534844
0.3354771
1.318139
-0.1981949
0.3548521
1.298987
-0.0724419
0.07849927
1.510364
-0.4225096
0.03647203
1.48166
-0.7964514
-0.05449817
1.475407
-0.8600972
-0.04912775
1.407413
-0.04693013
0.03366005
1.500368
-0.08086026
-0.2991328
1.556848
-0.07866696
-0.6372088
1.672674
-0.06509648
-0.6943694
1.608931
0.04939126
0.5414189
1.442168
-0.031433
0.4546502
1.360689
-0.1427798
0.438927
1.406283
-0.03017582
0.3858769
1.331092
0.02265592
0.3177308
1.258646
-0.1952572
0.02744617
1.512683
-0.1952572
0.3199733
1.470404
-0.2123656
0.5971767
1.416609
-0.2014403
0.7050434
1.402592
-0.3501455
0.4737641
1.422872
-0.4122149
0.2845364
1.423286
-0.218678
0.3420625
1.313232
-0.1856698
0.3566557
1.304081
-0.04364685
0.486196
1.468345
0.01537959
0.2979353
1.469514
-0.1534844
0.3354771
1.318139
-0.1981949
0.3548521
1.298987
-0.07244206
0.07861084
1.510376
-0.4229128
0.03631236
1.48209
-0.7965246
-0.05456563
1.475709
-0.8602581
-0.04931263
1.407877
-0.04693013
0.03366005
1.500368
-0.08086026
-0.2991328
1.556848
-0.07866696
-0.6372088
1.672674
-0.06509648
-0.6943694
1.608931
0.04915453
0.5414219
1.442185
-0.0265275
0.4260565
1.347828
-0.09925601
0.4510663
1.387214
-0.03177638
0.3864064
1.330868
0.02258578
0.3178823
1.258727
-0.1952572
0.02744617
1.512683
-0.1952572
0.3199733
1.470404
-0.2123656
0.5971767
1.416609
-0.2014403
0.7050434
1.402592
-0.3501455
0.4737641
1.422872
-0.4122149
0.2845364
1.423286
-0.218678
0.3420625
1.313232
-0.1856698
0.3566557
1.304081
-0.04364685
0.486196
1.468345
0.01537959
0.2979353
1.469514
-0.1534844
0.3354771
1.318139
-0.1981949
0.3548521
1.298987
-0.07218541
0.07906969
1.510228
-0.4160088
0.0229576
1.485857
-0.8006873
-0.09591375
1.490013
-0.8594929
-0.08481558
1.414021
-0.04693013
0.03366005
1.500368
-0.08086026
-0.2991328
1.556848
-0.07866696
-0.6372088
1.672674
-0.06509648
-0.6943694
1.608931
0.05066785
0.5416441
1.441958
-0.0247977
0.423259
1.349191
-0.1005064
0.4448502
1.388389
-0.02976387
0.3813413
1.330546
0.02530234
0.3209414
1.258541
-0.1952572
0.02744617
1.512683
-0.1952572
0.3199733
1.470404
-0.2123656
0.5971767
1.416609
-0.2014403
0.7050434
1.402592
-0.3501455
0.4737641
1.422872
-0.4122149
0.2845364
1.423286
-0.218678
0.3420625
1.313232
-0.1856698
0.3566557
1.304081
-0.04364685
0.486196
1.468345
0.01537959
0.2979353
1.469514
-0.1534844
0.3354771
1.318139
-0.1981949
0.3548521
1.298987
-0.07322265
0.07914266
1.510316
-0.3959992
0.00195307
1.494479
-0.7850842
-0.1596134
1.513483
-0.8460763
-0.1549943
1.441663
-0.04693013
0.03366005
1.500368
-0.08086026
-0.2991328
1.556848
-0.07866696
-0.6372088
1.672674
-0.06509648
-0.6943694
1.608931
0.04936406
0.5412372
1.442011
-0.03276285
0.4372163
1.355909
-0.1121501
0.4365768
1.395375
-0.02579121
0.3844761
1.332732
0.0281435
0.3254595
1.258033
-0.1952572
0.02744617
1.512683
-0.1952572
0.3199733
1.470404
-0.2123656
0.5971767
1.416609
-0.2014403
0.7050434
1.402592
-0.3501455
0.4737641
1.422872
-0.4122149
0.2845364
1.423286
-0.218678
0.3420625
1.313232
-0.1856698
0.3566557
1.304081
-0.04364685
0.486196
1.468345
0.01537959
0.2979353
1.469514
-0.1534844
0.3354771
1.318139
-0.1981949
0.3548521
1.298987
-0.07401949
0.07821334
1.510682
-0.3791086
-0.04155464
1.503838
-0.7383326
-0.2494557
1.538538
-0.796875
-0.2697754
1.481445
-0.04693013
0.03366005
1.500368
-0.08086026
-0.2991328
1.556848
-0.07866696
-0.6372088
1.672674
-0.06509648
-0.6943694
1.608931
0.04803699
0.5407645
1.4423
-0.01676194
0.4033673
1.341114
-0.07341265
0.4070151
1.3531
0.02009269
0.3567547
1.277712
0.03335196
0.3200673
1.256342
-0.1952572
0.02744617
1.512683
-0.1952572
0.3199733
1.470404
-0.2123656
0.5971767
1.416609
-0.2014403
0.7050434
1.402592
-0.3501455
0.4737641
1.422872
-0.4122149
0.2845364
1.423286
-0.218678
0.3420625
1.313232
-0.1856698
0.3566557
1.304081
-0.04364685
0.486196
1.468345
0.01537959
0.2979353
1.469514
-0.1534844
0.3354771
1.318139
-0.1981949
0.3548521
1.298987
-0.07332216
0.07534935
1.511057
-0.3548025
-0.06988751
1.511135
-0.6950169
-0.3068015
1.545859
-0.7587145
-0.3303015
1.484477
-0.04693013
0.03366005
1.500368
-0.08086026
-0.2991328
1.556848
-0.07866696
-0.6372088
1.672674
-0.06509648
-0.6943694
1.608931
0.04709254
0.5403281
1.442602
0.0113526
0.3688227
1.304561
-0.04080893
0.4083612
1.335063
0.01940572
0.3579715
1.278291
0.03646172
0.3236825
1.255454
-0.1952572
0.02744617
1.512683
-0.1952572
0.3199733
1.470404
-0.2123656
0.5971767
1.416609
-0.2014403
0.7050434
1.402592
-0.3501455
0.4737641
1.422872
-0.4122149
0.2845364
1.423286
-0.218678
0.3420625
1.313232
-0.1856698
0.3566557
1.304081
-0.04364685
0.486196
1.468345
0.01537959
0.2979353
1.469514
-0.1534844
0.3354771
1.318139
-0.1981949
0.3548521
1.298987
-0.07688116
0.07153801
1.511497
-0.3419888
-0.1297722
1.521965
-0.6490477
-0.4157586
1.55207
-0.6875218
-0.4356772
1.492228
-0.04693013
0.03366005
1.500368
-0.08086026
-0.2991328
1.556848
-0.07866696
-0.6372088
1.672674
-0.06509648
-0.6943694
1.608931
0.04476175
0.5393689
1.442952
0.01092307
0.3582302
1.288534
-0.04061909
0.4023045
1.330974
0.01684656
0.355407
1.274606
0.03373212
0.3202866
1.255179
-0.1952572
0.02744617
1.512683
-0.1952572
0.3199733
1.470404
-0.2123656
0.5971767
1.416609
-0.2014403
0.7050434
1.402592
-0.3501455
0.4737641
1.422872
-0.4122149
0.2845364
1.423286
-0.218678
0.3420625
1.313232
-0.1856698
0.3566557
1.304081
-0.04364685
0.486196
1.468345
0.01537959
0.2979353
1.469514
-0.1534844
0.3354771
1.318139
-0.1981949
0.3548521
1.298987
-0.09853847
0.06835932
1.513531
-0.3145069
-0.1774561
1.529184
-0.5439896
-0.4967078
1.577719
-0.596432
-0.5277259
1.500341
-0.04693013
0.03366005
1.500368
-0.08086026
-0.2991328
1.556848
-0.07866696
-0.6372088
1.672674
-0.06509648
-0.6943694
1.608931
0.03956805
0.5381779
1.443102
0.00511183
0.3550025
1.291335
-0.04322708
0.394499
1.325842
0.0112613
0.3533553
1.276389
0.03346689
0.3175692
1.253573
-0.1952572
0.02744617
1.512683
-0.1952572
0.3199733
1.470404
-0.2123656
0.5971767
1.416609
-0.2014403
0.7050434
1.402592
-0.3501455
0.4737641
1.422872
-0.4122149
0.2845364
1.423286
-0.218678
0.3420625
1.313232
-0.1856698
0.3566557
1.304081
-0.04364685
0.486196
1.468345
0.01537959
0.2979353
1.469514
-0.1534844
0.3354771
1.318139
-0.1981949
0.3548521
1.298987
-0.1109668
0.05945407
1.514358
-0.2826031
-0.237263
1.541639
-0.4519356
-0.5770767
1.594857
-0.4840588
-0.6280907
1.528683
-0.04693013
0.03366005
1.500368
-0.08086026
-0.2991328
1.556848
-0.07866696
-0.6372088
1.672674
-0.06509648
-0.6943694
1.608931
0.03259745
0.5366763
1.443454
0.001323767
0.3605618
1.29861
-0.04754196
0.3997439
1.330392
0.01041866
0.3569952
1.278572
0.0372786
0.3259057
1.259667
-0.1952572
0.02744617
1.512683
-0.1952572
0.3199733
1.470404
-0.2123656
0.5971767
1.416609
-0.2014403
0.7050434
1.402592
-0.3501455
0.4737641
1.422872
-0.4122149
0.2845364
1.423286
-0.218678
0.3420625
1.313232
-0.1856698
0.3566557
1.304081
-0.04364685
0.486196
1.468345
0.01537959
0.2979353
1.469514
-0.1534844
0.3354771
1.318139
-0.1981949
0.3548521
1.298987
-0.1144498
0.05239144
1.513483
-0.243201
-0.2715654
1.550244
-0.3614392
-0.6095374
1.621612
-0.3829879
-0.6665739
1.542925
-0.04693013
0.03366005
1.500368
-0.08086026
-0.2991328
1.556848
-0.07866696
-0.6372088
1.672674
-0.06509648
-0.6943694
1.608931
0.0185995
0.5353904
1.443684
-0.004814722
0.4088739
1.330567
0.005700678
0.3253833
1.262621
0.03634576
0.3765838
1.291029
0.04209877
0.3211771
1.264908
-0.1952572
0.02744617
1.512683
-0.1952572
0.3199733
1.470404
-0.2123656
0.5971767
1.416609
-0.2014403
0.7050434
1.402592
-0.3501455
0.4737641
1.422872
-0.4122149
0.2845364
1.423286
-0.218678
0.3420625
1.313232
-0.1856698
0.3566557
1.304081
-0.04364685
0.486196
1.468345
0.01537959
0.2979353
1.469514
-0.1534844
0.3354771
1.318139
-0.1981949
0.3548521
1.298987
-0.1151809
0.05001837
1.512788
-0.2190723
-0.2843478
1.555841
-0.3051633
-0.6256311
1.641433
-0.3147063
-0.6840581
1.559146
-0.04693013
0.03366005
1.500368
-0.08086026
-0.2991328
1.556848
-0.07866696
-0.6372088
1.672674
-0.06509648
-0.6943694
1.608931
0.01235698
0.5350577
1.443121
0.05045034
0.3540122
1.287094
0.02806972
0.3061625
1.258536
0.04671078
0.3710086
1.302167
0.05415516
0.3455731
1.283366
-0.1952572
0.02744617
1.512683
-0.1952572
0.3199733
1.470404
-0.2123656
0.5971767
1.416609
-0.2014403
0.7050434
1.402592
-0.3501455
0.4737641
1.422872
-0.4122149
0.2845364
1.423286
-0.218678
0.3420625
1.313232
-0.1856698
0.3566557
1.304081
-0.04364685
0.486196
1.468345
0.01537959
0.2979353
1.469514
-0.1534844
0.3354771
1.318139
-0.1981949
0.3548521
1.298987
-0.1150259
0.04748653
1.511389
-0.1942961
-0.2861765
1.557111
-0.2441665
-0.6230863
1.650354
-0.2236967
-0.6839947
1.571585
-0.04693013
0.03366005
1.500368
-0.08086026
-0.2991328
1.556848
-0.07866696
-0.6372088
1.672674
-0.06509648
-0.6943694
1.608931
0.00969844
0.5348127
1.442644
0.09169251
0.3661322
1.336096
0.03061047
0.3069918
1.259412
-0.05601199
0.3214298
1.337691
0.06736279
0.3355261
1.325423
-0.1952572
0.02744617
1.512683
-0.1952572
0.3199733
1.470404
-0.2123656
0.5971767
1.416609
-0.2014403
0.7050434
1.402592
-0.3501455
0.4737641
1.422872
-0.4122149
0.2845364
1.423286
-0.218678
0.3420625
1.313232
-0.1856698
0.3566557
1.304081
-0.04364685
0.486196
1.468345
0.01537959
0.2979353
1.469514
-0.1534844
0.3354771
1.318139
-0.1981949
0.3548521
1.298987
-0.1145681
0.04552288
1.507134
-0.1729627
-0.2869
1.554103
-0.2069472
-0.6250398
1.658377
-0.1829696
-0.6904786
1.589082
-0.04693013
0.03366005
1.500368
-0.08086026
-0.2991328
1.556848
-0.07866696
-0.6372088
1.672674
-0.06509648
-0.6943694
1.608931
0.01256598
0.5350329
1.443033
0.05142875
0.3583083
1.295792
0.05755134
0.2787534
1.335222
-0.06506325
0.3242968
1.33875
0.06562394
0.3335479
1.323545
-0.1952572
0.02744617
1.512683
-0.1952572
0.3199733
1.470404
-0.2123656
0.5971767
1.416609
-0.2014403
0.7050434
1.402592
-0.3501455
0.4737641
1.422872
-0.4122149
0.2845364
1.423286
-0.218678
0.3420625
1.313232
-0.1856698
0.3566557
1.304081
-0.04364685
0.486196
1.468345
0.01537959
0.2979353
1.469514
-0.1534844
0.3354771
1.318139
-0.1981949
0.3548521
1.298987
-0.1143972
0.0440034
1.502902
-0.1642602
-0.295148
1.553419
-0.1998231
-0.6240648
1.660705
-0.1751232
-0.6895757
1.601933
-0.04693013
0.03366005
1.500368
-0.08086026
-0.2991328
1.556848
-0.07866696
-0.6372088
1.672674
-0.06509648
-0.6943694
1.608931
0.01476519
0.5352364
1.443494
0.0814346
0.3680536
1.3404
0.02655203
0.3244701
1.252919
-0.06977784
0.3250804
1.341998
0.06121501
0.3301295
1.32049
-0.1952572
0.02744617
1.512683
-0.1952572
0.3199733
1.470404
-0.2123656
0.5971767
1.416609
-0.2014403
0.7050434
1.402592
-0.3501455
0.4737641
1.422872
-0.4122149
0.2845364
1.423286
-0.218678
0.3420625
1.313232
-0.1856698
0.3566557
1.304081
-0.04364685
0.486196
1.468345
0.01537959
0.2979353
1.469514
-0.1534844
0.3354771
1.318139
-0.1981949
0.3548521
1.298987
-0.1136462
0.04308983
1.501289
-0.1553424
-0.2979308
1.552992
-0.1937416
-0.6248788
1.66189
-0.1716276
-0.6893987
1.60863
-0.04693013
0.03366005
1.500368
-0.08086026
-0.2991328
1.556848
-0.07866696
-0.6372088
1.672674
-0.06509648
-0.6943694
1.608931
0.01599802
0.5352346
1.443761
0.04873458
0.3648022
1.293222
0.02654916
0.3245399
1.253489
-0.06791963
0.3230885
1.341253
0.05583802
0.3132817
1.30995
-0.1952572
0.02744617
1.512683
-0.1952572
0.3199733
1.470404
-0.2123656
0.5971767
1.416609
-0.2014403
0.7050434
1.402592
-0.3501455
0.4737641
1.422872
-0.4122149
0.2845364
1.423286
-0.218678
0.3420625
1.313232
-0.1856698
0.3566557
1.304081
-0.04364685
0.486196
1.468345
0.01537959
0.2979353
1.469514
-0.1534844
0.3354771
1.318139
-0.1981949
0.3548521
1.298987
-0.1131455
0.04299383
1.500668
-0.1599814
-0.2962481
1.554049
-0.1947895
-0.6233615
1.661052
-0.1728568
-0.6878352
1.608456
-0.04693013
0.03366005
1.500368
-0.08086026
-0.2991328
1.556848
-0.07866696
-0.6372088
1.672674
-0.06509648
-0.6943694
1.608931
0.01728574
0.5352683
1.443798
0.05247589
0.3666477
1.29441
0.0286823
0.3229018
1.25393
-0.06432188
0.3233356
1.342254
0.04491012
0.2911344
1.30115