0.1232835
-0.02831943
1.388088
0.1238656
0.2741325
1.352068
-0.2123656
0.5971767
1.416609
-0.2014403
0.7050434
1.402592
-0.3501455
0.4737641
1.422872
-0.4122149
0.2845364
1.423286
-0.218678
0.3420625
1.313232
-0.1856698
0.3566557
1.304081
-0.04364685
0.486196
1.468345
0.01537959
0.2979353
1.469514
-0.1534844
0.3354771
1.318139
-0.1981949
0.3548521
1.298987
0.08009198
-0.03163511
1.331477
-0.075875
-0.3216715
1.357654
-0.223702
-0.6245201
1.448307
-0.2022163
-0.7195889
1.427642
0.1602142
-0.02335772
1.37844
0.2662867
-0.3283695
1.482392
0.4527044
-0.6514291
1.54087
0.4973307
-0.6933572
1.507951
0.1228622
0.4913282
1.318686
0.2741002
0.4175948
1.316022
0.2453832
0.3952815
1.27555
0.2753969
-0.1457633
1.367055
0.2255721
-0.07541613
1.379387
0.1244761
-0.02610377
1.398011
0.121839
0.2758463
1.357533
-0.2123656
0.5971767
1.416609
-0.2014403
0.7050434
1.402592
-0.3501455
0.4737641
1.422872
-0.4122149
0.2845364
1.423286
-0.218678
0.3420625
1.313232
-0.1856698
0.3566557
1.304081
-0.04364685
0.486196
1.468345
0.01537959
0.2979353
1.469514
-0.1534844
0.3354771
1.318139
-0.1981949
0.3548521
1.298987
0.08013275
-0.02843521
1.34237
-0.06287754
-0.3180022
1.35805
-0.223702
-0.6245201
1.448307
-0.2022163
-0.7195889
1.427642
0.1629345
-0.02251001
1.387773
0.271887
-0.3299446
1.484424
0.4527044
-0.6514291
1.54087
0.4973307
-0.6933572
1.507951
0.1193551
0.492526
1.321122
0.2834409
0.4173725
1.309834
0.2919655
0.335283
1.317924
0.2744401
-0.1398269
1.369946
0.2224604
-0.06695767
1.380494
0.1276019
-0.02885888
1.398134
0.1254757
0.273759
1.357892
-0.2123656
0.5971767
1.416609
-0.2014403
0.7050434
1.402592
-0.3501455
0.4737641
1.422872
-0.4122149
0.2845364
1.423286
-0.218678
0.3420625
1.313232
-0.1856698
0.3566557
1.304081
-0.04364685
0.486196
1.468345
0.01537959
0.2979353
1.469514
-0.1534844
0.3354771
1.318139
-0.1981949
0.3548521
1.298987
0.08176877
-0.02985511
1.341874
-0.03538795
-0.3221228
1.354432
-0.223702
-0.6245201
1.448307
-0.2022163
-0.7195889
1.427642
0.1678635
-0.0269788
1.38862
0.2885802
-0.3312828
1.481596
0.4527044
-0.6514291
1.54087
0.4973307
-0.6933572
1.507951
0.1234749
0.4907993
1.321237
0.2974567
0.4098046
1.306492
0.2414393
0.3529016
1.316621
0.2664992
-0.1470994
1.372858
0.2237112
-0.0706439
1.379729
0.1380099
-0.04056822
1.393739
0.1396149
0.2629286
1.35393
-0.2123656
0.5971767
1.416609
-0.2014403
0.7050434
1.402592
-0.3501455
0.4737641
1.422872
-0.4122149
0.2845364
1.423286
-0.218678
0.3420625
1.313232
-0.1856698
0.3566557
1.304081
-0.04364685
0.486196
1.468345
0.01537959
0.2979353
1.469514
-0.1534844
0.3354771
1.318139
-0.1981949
0.3548521
1.298987
0.08968978
-0.03872218
1.334776
-0.006406653
-0.341992
1.345258
-0.223702
-0.6245201
1.448307
-0.2022163
-0.7195889
1.427642
0.180061
-0.04090068
1.386921
0.3206977
-0.3374459
1.475753
0.4527044
-0.6514291
1.54087
0.4973307
-0.6933572
1.507951
0.1401891
0.4806817
1.3171
0.3242301
0.3911516
1.307321
0.2580373
0.3333976
1.3154
0.2503648
-0.1328733
1.385821
0.2227584
-0.06279454
1.352857
0.1943586
-0.1037692
1.416429
0.1820732
0.1993566
1.360446
-0.2123656
0.5971767
1.416609
-0.2014403
0.7050434
1.402592
-0.3501455
0.4737641
1.422872
-0.4122149
0.2845364
1.423286
-0.218678
0.3420625
1.313232
-0.1856698
0.3566557
1.304081
-0.04364685
0.486196
1.468345
0.01537959
0.2979353
1.469514
-0.1534844
0.3354771
1.318139
-0.1981949
0.3548521
1.298987
0.1473829
-0.1070495
1.360122
0.0798078
-0.3689243
1.318187
-0.223702
-0.6245201
1.448307
-0.2022163
-0.7195889
1.427642
0.2305104
-0.09519439
1.405442
0.3991183
-0.3633109
1.463447
0.4527044
-0.6514291
1.54087
0.4973307
-0.6933572
1.507951
0.1767704
0.4167569
1.316116
0.3531707
0.3283904
1.297528
0.2955074
0.2730362
1.3219
0.101835
-0.159916
1.226323
0.09208735
-0.0800252
1.231205
0.2314048
-0.2068644
1.434345
0.2232242
0.09205702
1.376679
-0.2123656
0.5971767
1.416609
-0.2014403
0.7050434
1.402592
-0.3501455
0.4737641
1.422872
-0.4122149
0.2845364
1.423286
-0.218678
0.3420625
1.313232
-0.1856698
0.3566557
1.304081
-0.04364685
0.486196
1.468345
0.01537959
0.2979353
1.469514
-0.1534844
0.3354771
1.318139
-0.1981949
0.3548521
1.298987
0.184982
-0.2104958
1.378115
0.1383377
-0.4653311
1.326435
-0.223702
-0.6245201
1.448307
-0.2022163
-0.7195889
1.427642
0.2675847
-0.1941059
1.425721
0.4473711
-0.3934222
1.442022
0.4527044
-0.6514291
1.54087
0.4973307
-0.6933572
1.507951
0.2158074
0.3083747
1.325405
0.3973402
0.2283802
1.305015
0.3377343
0.1720704
1.338
0.1413344
-0.4527732
1.29015
0.1735035
-0.384773
1.233625
0.2709174
-0.3035107
1.435044
0.2633268
-0.01150591
1.384081
-0.2123656
0.5971767
1.416609
-0.2014403
0.7050434
1.402592
-0.3501455
0.4737641
1.422872
-0.4122149
0.2845364
1.423286
-0.218678
0.3420625
1.313232
-0.1856698
0.3566557
1.304081
-0.04364685
0.486196
1.468345
0.01537959
0.2979353
1.469514
-0.1534844
0.3354771
1.318139
-0.1981949
0.3548521
1.298987
0.2219826
-0.3070917
1.380374
0.1456969
-0.5761963
1.348493
-0.223702
-0.6245201
1.448307
-0.2022163
-0.7195889
1.427642
0.3076245
-0.2866693
1.425784
0.5043131
-0.4381222
1.430711
0.4527044
-0.6514291
1.54087
0.4973307
-0.6933572
1.507951
0.2559988
0.2008486
1.337537
0.4328271
0.1269502
1.318492
0.3777386
0.07257269
1.341727
0.4145712
-0.3931085
1.411777
0.3516653
-0.3361403
1.399095
0.2808754
-0.3351255
1.437771
0.2756504
-0.04692945
1.38735
-0.2123656
0.5971767
1.416609
-0.2014403
0.7050434
1.402592
-0.3501455
0.4737641
1.422872
-0.4122149
0.2845364
1.423286
-0.218678
0.3420625
1.313232
-0.1856698
0.3566557
1.304081
-0.04364685
0.486196
1.468345
0.01537959
0.2979353
1.469514
-0.1534844
0.3354771
1.318139
-0.1981949
0.3548521
1.298987
0.2308263
-0.3383842
1.383781
0.1464954
-0.6061513
1.354496
-0.223702
-0.6245201
1.448307
-0.2022163
-0.7195889
1.427642
0.318338
-0.3173426
1.428199
0.5251487
-0.4551628
1.428115
0.4527044
-0.6514291
1.54087
0.4973307
-0.6933572
1.507951
0.2700211
0.1630507
1.341132
0.4478382
0.08897614
1.333392
0.3967897
0.0520808
1.345348
0.4994006
-0.5006459
1.407681
0.4248014
-0.402396
1.3945
0.2851298
-0.3379361
1.44365
0.278723
-0.05126573
1.392253
-0.2123656
0.5971767
1.416609
-0.2014403
0.7050434
1.402592
-0.3501455
0.4737641
1.422872
-0.4122149
0.2845364
1.423286
-0.218678
0.3420625
1.313232
-0.1856698
0.3566557
1.304081
-0.04364685
0.486196
1.468345
0.01537959
0.2979353
1.469514
-0.1534844
0.3354771
1.318139
-0.1981949
0.3548521
1.298987
0.2347797
-0.3409812
1.391586
0.1562471
-0.6082114
1.351253
-0.223702
-0.6245201
1.448307
-0.2022163
-0.7195889
1.427642
0.3228776
-0.3198728
1.432442
0.5304672
-0.4568752
1.430425
0.4527044
-0.6514291
1.54087
0.4973307
-0.6933572
1.507951
0.2725083
0.1578604
1.345425
0.4444402
0.09918097
1.361519
0.3957608
0.0570843
1.350393
0.5047674
-0.5064006
1.421635
0.431994
-0.4032331
1.403947
0.2893637
-0.3038711
1.450213
0.2755854
-0.01380717
1.399655
-0.2123656
0.5971767
1.416609
-0.2014403
0.7050434
1.402592
-0.3501455
0.4737641
1.422872
-0.4122149
0.2845364
1.423286
-0.218678
0.3420625
1.313232
-0.1856698
0.3566557
1.304081
-0.04364685
0.486196
1.468345
0.01537959
0.2979353
1.469514
-0.1534844
0.3354771
1.318139
-0.1981949
0.3548521
1.298987
0.2419724
-0.3054225
1.398444
0.1761788
-0.5671661
1.34794
-0.223702
-0.6245201
1.448307
-0.2022163
-0.7195889
1.427642
0.3239973
-0.2887604
1.438141
0.5195162
-0.4441074
1.43162
0.4527044
-0.6514291
1.54087
0.4973307
-0.6933572
1.507951
0.2633994
0.1976153
1.353603
0.427598
0.1422789
1.376877
0.3829621
0.08514559
1.348577
0.4669119
-0.4676639
1.43888
0.4007341
-0.3819032
1.410526
0.2660892
-0.2346808
1.44695
0.2488128
0.06609657
1.393109
-0.2123656
0.5971767
1.416609
-0.2014403
0.7050434
1.402592
-0.3501455
0.4737641
1.422872
-0.4122149
0.2845364
1.423286
-0.218678
0.3420625
1.313232
-0.1856698
0.3566557
1.304081
-0.04364685
0.486196
1.468345
0.01537959
0.2979353
1.469514
-0.1534844
0.3354771
1.318139
-0.1981949
0.3548521
1.298987
0.2201304
-0.23782
1.392898
0.1597053
-0.4887332
1.330623
-0.223702
-0.6245201
1.448307
-0.2022163
-0.7195889
1.427642
0.3000584
-0.2210571
1.436464
0.484956
-0.4081659
1.435026
0.4527044
-0.6514291
1.54087
0.4973307
-0.6933572
1.507951
0.2345762
0.2842194
1.34445
0.4271105
0.1874629
1.314446
0.3662597
0.1803108
1.298
0.5126809
-0.3301641
1.377262
0.4315018
-0.2877941
1.384923
0.2402187
-0.1538644
1.428809
0.2213301
0.1539272
1.376544
-0.2123656
0.5971767
1.416609
-0.2014403
0.7050434
1.402592
-0.3501455
0.4737641
1.422872
-0.4122149
0.2845364
1.423286
-0.218678
0.3420625
1.313232
-0.1856698
0.3566557
1.304081
-0.04364685
0.486196
1.468345
0.01537959
0.2979353
1.469514
-0.1534844
0.3354771
1.318139
-0.1981949
0.3548521
1.298987
0.1915216
-0.1566807
1.366302
0.1207674
-0.4084683
1.328932
-0.223702
-0.6245201
1.448307
-0.2022163
-0.7195889
1.427642
0.2776121
-0.1435925
1.425803
0.4469748
-0.3834195
1.445084
0.4527044
-0.6514291
1.54087
0.4973307
-0.6933572
1.507951
0.206125
0.3760896
1.329416
0.3840108
0.3211143
1.344883
0.3271801
0.2396638
1.3665
0.2634651
-0.2283321
1.295328
0.3132029
-0.1898624
1.408898
0.1707969
-0.07759918
1.371379
0.172373
0.2334179
1.339822
-0.2123656
0.5971767
1.416609
-0.2014403
0.7050434
1.402592
-0.3501455
0.4737641
1.422872
-0.4122149
0.2845364
1.423286
-0.218678
0.3420625
1.313232
-0.1856698
0.3566557
1.304081
-0.04364685
0.486196
1.468345
0.01537959
0.2979353
1.469514
-0.1534844
0.3354771
1.318139
-0.1981949
0.3548521
1.298987
0.1205325
-0.07227996
1.307921
0.03514628
-0.3451406
1.3353
-0.223702
-0.6245201
1.448307
-0.2022163
-0.7195889
1.427642
0.2128109
-0.07898197
1.369001
0.3773139
-0.3599204
1.459354
0.4527044
-0.6514291
1.54087
0.4973307
-0.6933572
1.507951
0.1718544
0.4571916
1.307908
0.3439882
0.3861337
1.301287
0.2897957
0.3349584
1.298833
0.234952
-0.1466954
1.286374
0.2549711
-0.09875742
1.334333
0.1531396
-0.05130716
1.373602
0.1560044
0.2590479
1.337971
-0.2123656
0.5971767
1.416609
-0.2014403
0.7050434
1.402592
-0.3501455
0.4737641
1.422872
-0.4122149
0.2845364
1.423286
-0.218678
0.3420625
1.313232
-0.1856698
0.3566557
1.304081
-0.04364685
0.486196
1.468345
0.01537959
0.2979353
1.469514
-0.1534844
0.3354771
1.318139
-0.1981949
0.3548521
1.298987
0.1045035
-0.04680332
1.309693
-0.02979153
-0.3316064
1.346503
-0.223702
-0.6245201
1.448307
-0.2022163
-0.7195889
1.427642
0.1942564
-0.05319741
1.371648
0.3118533
-0.3529488
1.474355
0.4527044
-0.6514291
1.54087
0.4973307
-0.6933572
1.507951
0.15688
0.4817292
1.303857
0.3286191
0.4029276
1.291176
0.2748647
0.365229
1.267781
0.1671734
-0.1593101
1.266626
0.2293788
-0.0893867
1.3374
0.1406304
-0.04533056
1.37568
0.145486
0.2625112
1.338605
-0.2123656
0.5971767
1.416609
-0.2014403
0.7050434
1.402592
-0.3501455
0.4737641
1.422872
-0.4122149
0.2845364
1.423286
-0.218678
0.3420625
1.313232
-0.1856698
0.3566557
1.304081
-0.04364685
0.486196
1.468345
0.01537959
0.2979353
1.469514
-0.1534844
0.3354771
1.318139
-0.1981949
0.3548521
1.298987
0.09266773
-0.04279119
1.312313
-0.06726258
-0.3259465
1.347189
-0.223702
-0.6245201
1.448307
-0.2022163
-0.7195889
1.427642
0.180293
-0.04404078
1.37206
0.2906861
-0.3459706
1.477102
0.4527044
-0.6514291
1.54087
0.4973307
-0.6933572
1.507951
0.1476015
0.4837264
1.303617
0.3294185
0.3958437
1.291963
0.2635279
0.3490438
1.295352
0.1554998
-0.1610982
1.272041
0.2155721
-0.07507495
1.3463
0.135452
-0.04219849
1.376994
0.1409888
0.26378
1.339257
-0.2123656
0.5971767
1.416609
-0.2014403
0.7050434
1.402592
-0.3501455
0.4737641
1.422872
-0.4122149
0.2845364
1.423286
-0.218678
0.3420625
1.313232
-0.1856698
0.3566557
1.304081
-0.04364685
0.486196
1.468345
0.01537959
0.2979353
1.469514
-0.1534844
0.3354771
1.318139
-0.1981949
0.3548521
1.298987
0.08888109
-0.04212642
1.316004
-0.06926124
-0.3229914
1.346766
-0.223702
-0.6245201
1.448307
-0.2022163
-0.7195889
1.427642
0.1745836
-0.0393389
1.371431
0.2868111
-0.3413621
1.475331
0.4527044
-0.6514291
1.54087
0.4973307
-0.6933572
1.507951
0.14381
0.4835654
1.303859
0.3317461
0.3832562
1.280794
0.264846
0.3503646
1.293727
0.2544747
-0.1765786
1.356316
0.2125426
-0.1198736
1.353667
