-0.1952572
0.02744617
1.512683
-0.1952572
0.3199733
1.470404
-0.2123656
0.5971767
1.416609
-0.2014403
0.7050434
1.402592
-0.3501455
0.4737641
1.422872
-0.4122149
0.2845364
1.423286
-0.218678
0.3420625
1.313232
-0.1856698
0.3566557
1.304081
-0.04364685
0.486196
1.468345
0.01537959
0.2979353
1.469514
-0.1534844
0.3354771
1.318139
-0.1981949
0.3548521
1.298987
-0.1884312
0.03651034
1.512379
-0.185315
-0.2810832
1.548554
-0.1803649
-0.6373782
1.658149
-0.1712451
-0.6978349
1.591083
-0.102861
0.02917894
1.493431
-0.1048968
-0.3159495
1.539081
-0.08044974
-0.6376381
1.640645
-0.0583057
-0.7008189
1.590083
-0.2084178
0.5299666
1.431868
-0.1579856
0.3470029
1.260191
-0.1584513
0.2942984
1.271036
-0.1982957
0.3558009
1.25347
-0.1930897
0.3096482
1.241391
-0.1952572
0.02744617
1.512683
-0.1952572
0.3199733
1.470404
-0.2123656
0.5971767
1.416609
-0.2014403
0.7050434
1.402592
-0.3501455
0.4737641
1.422872
-0.4122149
0.2845364
1.423286
-0.218678
0.3420625
1.313232
-0.1856698
0.3566557
1.304081
-0.04364685
0.486196
1.468345
0.01537959
0.2979353
1.469514
-0.1534844
0.3354771
1.318139
-0.1981949
0.3548521
1.298987
-0.1884312
0.03651034
1.512379
-0.185315
-0.2810832
1.548554
-0.1803649
-0.6373782
1.658149
-0.1712451
-0.6978349
1.591083
-0.1032318
0.02916809
1.494126
-0.1042835
-0.3153415
1.540134
-0.0794593
-0.6368045
1.640736
-0.0583057
-0.7006482
1.590083
-0.20904
0.5296214
1.431737
-0.1557175
0.3614624
1.269605
-0.1721443
0.3109563
1.236025
-0.1996076
0.3560776
1.253162
-0.1938887
0.3088862
1.24108
-0.1952572
0.02744617
1.512683
-0.1952572
0.3199733
1.470404
-0.2123656
0.5971767
1.416609
-0.2014403
0.7050434
1.402592
-0.3501455
0.4737641
1.422872
-0.4122149
0.2845364
1.423286
-0.218678
0.3420625
1.313232
-0.1856698
0.3566557
1.304081
-0.04364685
0.486196
1.468345
0.01537959
0.2979353
1.469514
-0.1534844
0.3354771
1.318139
-0.1981949
0.3548521
1.298987
-0.1884312
0.03651034
1.512379
-0.185315
-0.2810832
1.548554
-0.1803649
-0.6373782
1.658149
-0.1712451
-0.6978349
1.591083
-0.103397
0.02925373
1.49462
-0.1017102
-0.3147247
1.540788
-0.07009743
-0.6351334
1.638752
-0.0583057
-0.7014642
1.590083
-0.2103718
0.5294822
1.431779
-0.1585719
0.3517829
1.262759
-0.1602373
0.294679
1.272759
-0.2005182
0.3582721
1.254271
-0.1891858
0.3092068
1.236921
-0.1952572
0.02744617
1.512683
-0.1952572
0.3199733
1.470404
-0.2123656
0.5971767
1.416609
-0.2014403
0.7050434
1.402592
-0.3501455
0.4737641
1.422872
-0.4122149
0.2845364
1.423286
-0.218678
0.3420625
1.313232
-0.1856698
0.3566557
1.304081
-0.04364685
0.486196
1.468345
0.01537959
0.2979353
1.469514
-0.1534844
0.3354771
1.318139
-0.1981949
0.3548521
1.298987
-0.1884312
0.03651034
1.512379
-0.185315
-0.2810832
1.548554
-0.1803649
-0.6373782
1.658149
-0.1712451
-0.6978349
1.591083
-0.1033865
0.0300854
1.496049
-0.07167494
-0.3152634
1.54331
-0.03973161
-0.6320725
1.636317
-0.0583057
-0.6828943
1.590083
-0.2123645
0.5293629
1.431325
-0.1576201
0.3638147
1.27033
-0.1655799
0.3218333
1.234235
-0.2026052
0.356808
1.253611
-0.1960857
0.3082582
1.241089
-0.1952572
0.02744617
1.512683
-0.1952572
0.3199733
1.470404
-0.2123656
0.5971767
1.416609
-0.2014403
0.7050434
1.402592
-0.3501455
0.4737641
1.422872
-0.4122149
0.2845364
1.423286
-0.218678
0.3420625
1.313232
-0.1856698
0.3566557
1.304081
-0.04364685
0.486196
1.468345
0.01537959
0.2979353
1.469514
-0.1534844
0.3354771
1.318139
-0.1981949
0.3548521
1.298987
-0.1884312
0.03651034
1.512379
-0.185315
-0.2810832
1.548554
-0.1803649
-0.6373782
1.658149
-0.1712451
-0.6978349
1.591083
-0.1012347
0.03391814
1.50064
-0.01284305
-0.3013885
1.538798
0.08362327
-0.6216992
1.61373
-0.0583057
-0.6722736
1.590083
-0.2157413
0.5292566
1.430813
-0.1674509
0.3584733
1.266005
-0.1907896
0.2892065
1.266706
-0.2081184
0.3591036
1.253011
-0.198074
0.3083216
1.239422
-0.1952572
0.02744617
1.512683
-0.1952572
0.3199733
1.470404
-0.2123656
0.5971767
1.416609
-0.2014403
0.7050434
1.402592
-0.3501455
0.4737641
1.422872
-0.4122149
0.2845364
1.423286
-0.218678
0.3420625
1.313232
-0.1856698
0.3566557
1.304081
-0.04364685
0.486196
1.468345
0.01537959
0.2979353
1.469514
-0.1534844
0.3354771
1.318139
-0.1981949
0.3548521
1.298987
-0.1884312
0.03651034
1.512379
-0.185315
-0.2810832
1.548554
-0.1803649
-0.6373782
1.658149
-0.1712451
-0.6978349
1.591083
-0.1000412
0.03741984
1.503866
0.02954385
-0.2462773
1.520888
0.1705007
-0.5946484
1.593171
-0.0583057
-0.6269531
1.590083
-0.2185333
0.5296011
1.430704
-0.1706019
0.3641054
1.270527
-0.1785305
0.3197089
1.238659
-0.2142444
0.3581309
1.255289
-0.1997587
0.3075642
1.235615
-0.1952572
0.02744617
1.512683
-0.1952572
0.3199733
1.470404
-0.2123656
0.5971767
1.416609
-0.2014403
0.7050434
1.402592
-0.3501455
0.4737641
1.422872
-0.4122149
0.2845364
1.423286
-0.218678
0.3420625
1.313232
-0.1856698
0.3566557
1.304081
-0.04364685
0.486196
1.468345
0.01537959
0.2979353
1.469514
-0.1534844
0.3354771
1.318139
-0.1981949
0.3548521
1.298987
-0.1884312
0.03651034
1.512379
-0.185315
-0.2810832
1.548554
-0.1803649
-0.6373782
1.658149
-0.1712451
-0.6978349
1.591083
-0.1021371
0.04388681
1.504742
0.05488107
-0.1844763
1.507988
0.2816238
-0.5403392
1.573707
-0.0583057
-0.5634766
1.590083
-0.2257292
0.5296236
1.428854
-0.1760505
0.3618855
1.26939
-0.1811061
0.3172273
1.240636
-0.2201618
0.3562465
1.254885
-0.2080021
0.3078782
1.236893
-0.1952572
0.02744617
1.512683
-0.1952572
0.3199733
1.470404
-0.2123656
0.5971767
1.416609
-0.2014403
0.7050434
1.402592
-0.3501455
0.4737641
1.422872
-0.4122149
0.2845364
1.423286
-0.218678
0.3420625
1.313232
-0.1856698
0.3566557
1.304081
-0.04364685
0.486196
1.468345
0.01537959
0.2979353
1.469514
-0.1534844
0.3354771
1.318139
-0.1981949
0.3548521
1.298987
-0.1884312
0.03651034
1.512379
-0.185315
-0.2810832
1.548554
-0.1803649
-0.6373782
1.658149
-0.1712451
-0.6978349
1.591083
-0.1096835
0.05026766
1.505003
0.09785794
-0.1359068
1.500754
0.2780783
-0.4032291
1.521756
-0.0583057
-0.4377317
1.590083
-0.2358517
0.5304512
1.426803
-0.1808399
0.3640329
1.270353
-0.1829865
0.3184137
1.242188
-0.2248923
0.3580279
1.254081
-0.2225364
0.3070193
1.2485
-0.1952572
0.02744617
1.512683
-0.1952572
0.3199733
1.470404
-0.2123656
0.5971767
1.416609
-0.2014403
0.7050434
1.402592
-0.3501455
0.4737641
1.422872
-0.4122149
0.2845364
1.423286
-0.218678
0.3420625
1.313232
-0.1856698
0.3566557
1.304081
-0.04364685
0.486196
1.468345
0.01537959
0.2979353
1.469514
-0.1534844
0.3354771
1.318139
-0.1981949
0.3548521
1.298987
-0.1884312
0.03651034
1.512379
-0.185315
-0.2810832
1.548554
-0.1803649
-0.6373782
1.658149
-0.1712451
-0.6978349
1.591083
-0.1278819
0.05743037
1.502168
0.1134869
-0.08538423
1.489285
0.3171029
-0.33641
1.5057
-0.0583057
-0.3344458
1.590083
-0.2453934
0.531153
1.424847
-0.1864853
0.3649101
1.267687
-0.1901421
0.3237051
1.241033
-0.2323432
0.3596253
1.25426
-0.2286067
0.3095679
1.247065
-0.1952572
0.02744617
1.512683
-0.1952572
0.3199733
1.470404
-0.2123656
0.5971767
1.416609
-0.2014403
0.7050434
1.402592
-0.3501455
0.4737641
1.422872
-0.4122149
0.2845364
1.423286
-0.218678
0.3420625
1.313232
-0.1856698
0.3566557
1.304081
-0.04364685
0.486196
1.468345
0.01537959
0.2979353
1.469514
-0.1534844
0.3354771
1.318139
-0.1981949
0.3548521
1.298987
-0.1884312
0.03651034
1.512379
-0.185315
-0.2810832
1.548554
-0.1803649
-0.6373782
1.658149
-0.1712451
-0.6978349
1.591083
-0.1363843
0.06007252
1.500762
0.1203491
-0.05472711
1.481861
0.3843621
-0.2426889
1.489171
-0.0583057
-0.2471833
1.590083
-0.2521925
0.5320926
1.423317
-0.1891402
0.3667809
1.268015
-0.1948177
0.3260966
1.237875
-0.2353532
0.3618522
1.253511
-0.2309499
0.3103859
1.245422
-0.1952572
0.02744617
1.512683
-0.1952572
0.3199733
1.470404
-0.2123656
0.5971767
1.416609
-0.2014403
0.7050434
1.402592
-0.3501455
0.4737641
1.422872
-0.4122149
0.2845364
1.423286
-0.218678
0.3420625
1.313232
-0.1856698
0.3566557
1.304081
-0.04364685
0.486196
1.468345
0.01537959
0.2979353
1.469514
-0.1534844
0.3354771
1.318139
-0.1981949
0.3548521
1.298987
-0.1884312
0.03651034
1.512379
-0.185315
-0.2810832
1.548554
-0.1803649
-0.6373782
1.658149
-0.1712451
-0.6978349
1.591083
-0.1470187
0.06169102
1.498348
0.1491505
-0.02303996
1.474934
0.4467486
-0.1518427
1.476633
-0.0583057
-0.1895217
1.590083
-0.2542121
0.5327378
1.423118
-0.192165
0.3685115
1.268598
-0.1963408
0.3254515
1.240546
-0.2347725
0.3619154
1.251686
-0.2412111
0.3085108
1.253143
-0.1952572
0.02744617
1.512683
-0.1952572
0.3199733
1.470404
-0.2123656
0.5971767
1.416609
-0.2014403
0.7050434
1.402592
-0.3501455
0.4737641
1.422872
-0.4122149
0.2845364
1.423286
-0.218678
0.3420625
1.313232
-0.1856698
0.3566557
1.304081
-0.04364685
0.486196
1.468345
0.01537959
0.2979353
1.469514
-0.1534844
0.3354771
1.318139
-0.1981949
0.3548521
1.298987
-0.1884312
0.03651034
1.512379
-0.185315
-0.2810832
1.548554
-0.1803649
-0.6373782
1.658149
-0.1712451
-0.6978349
1.591083
-0.1490838
0.0635991
1.496946
0.1656746
-0.000925536
1.470295
0.4690076
-0.1160847
1.465525
-0.0583057
-0.1044617
1.590083
-0.2559357
0.5337391
1.422633
-0.1926586
0.3710866
1.268047
-0.1985074
0.3247575
1.237825
-0.2365675
0.3641161
1.251062
-0.2426695
0.3116962
1.253494
-0.1952572
0.02744617
1.512683
-0.1952572
0.3199733
1.470404
-0.2123656
0.5971767
1.416609
-0.2014403
0.7050434
1.402592
-0.3501455
0.4737641
1.422872
-0.4122149
0.2845364
1.423286
-0.218678
0.3420625
1.313232
-0.1856698
0.3566557
1.304081
-0.04364685
0.486196
1.468345
0.01537959
0.2979353
1.469514
-0.1534844
0.3354771
1.318139
-0.1981949
0.3548521
1.298987
-0.1884312
0.03651034
1.512379
-0.185315
-0.2810832
1.548554
-0.1803649
-0.6373782
1.658149
-0.1712451
-0.6978349
1.591083
-0.1497089
0.06464055
1.495776
0.1814991
0.01994055
1.466862
0.5928508
-0.09689088
1.472247
-0.0583057
-0.06578214
1.590083
-0.2577762
0.5344901
1.422778
-0.158473
0.3840346
1.326907
-0.1984124
0.3293515
1.240286
-0.2484567
0.2648306
1.274471
-0.2155203
0.1885878
1.319826
-0.1952572
0.02744617
1.512683
-0.1952572
0.3199733
1.470404
-0.2123656
0.5971767
1.416609
-0.2014403
0.7050434
1.402592
-0.3501455
0.4737641
1.422872
-0.4122149
0.2845364
1.423286
-0.218678
0.3420625
1.313232
-0.1856698
0.3566557
1.304081
-0.04364685
0.486196
1.468345
0.01537959
0.2979353
1.469514
-0.1534844
0.3354771
1.318139
-0.1981949
0.3548521
1.298987
-0.1884312
0.03651034
1.512379
-0.185315
-0.2810832
1.548554
-0.1803649
-0.6373782
1.658149
-0.1712451
-0.6978349
1.591083
-0.1509889
0.06553105
1.493644
0.1929308
0.03115274
1.464329
0.5899809
-0.07526013
1.472309
-0.0583057
-0.03461713
1.590083
-0.2594351
0.5349273
1.422799
-0.1563503
0.3883281
1.325954
-0.1983939
0.3294111
1.240253
-0.250658
0.2655181
1.268212
-0.2153257
0.1885719
1.319304
-0.1952572
0.02744617
1.512683
-0.1952572
0.3199733
1.470404
-0.2123656
0.5971767
1.416609
-0.2014403
0.7050434
1.402592
-0.3501455
0.4737641
1.422872
-0.4122149
0.2845364
1.423286
-0.218678
0.3420625
1.313232
-0.1856698
0.3566557
1.304081
-0.04364685
0.486196
1.468345
0.01537959
0.2979353
1.469514
-0.1534844
0.3354771
1.318139
-0.1981949
0.3548521
1.298987
-0.1884312
0.03651034
1.512379
-0.185315
-0.2810832
1.548554
-0.1803649
-0.6373782
1.658149
-0.1712451
-0.6978349
1.591083
-0.1479506
0.06676071
1.490138
0.1974767
0.03355449
1.462876
0.5894234
-0.07082324
1.469888
-0.0583057
-0.03099062
1.590083
-0.2606879
0.5351454
1.422984
-0.157447
0.3886754
1.325118
-0.1975365
0.3296836
1.239074
-0.2485182
0.2660332
1.268981
-0.2156692
0.1895651
1.319566
-0.1952572
0.02744617
1.512683
-0.1952572
0.3199733
1.470404
-0.2123656
0.5971767
1.416609
-0.2014403
0.7050434
1.402592
-0.3501455
0.4737641
1.422872
-0.4122149
0.2845364
1.423286
-0.218678
0.3420625
1.313232
-0.1856698
0.3566557
1.304081
-0.04364685
0.486196
1.468345
0.01537959
0.2979353
1.469514
-0.1534844
0.3354771
1.318139
-0.1981949
0.3548521
1.298987
-0.1884312
0.03651034
1.512379
-0.185315
-0.2810832
1.548554
-0.1803649
-0.6373782
1.658149
-0.1712451
-0.6978349
1.591083
-0.1446768
0.06666777
1.488027
0.1767995
0.01397214
1.465135
0.5909852
-0.12089
1.467159
-0.0583057
-0.08810635
1.590083
-0.2610895
0.5352101
1.422781
-0.1528225
0.3851582
1.32351
-0.193508
0.3296235
1.237911
-0.2397529
0.2570383
1.276917
-0.2130592
0.184594
1.318298
-0.1952572
0.02744617
1.512683
-0.1952572
0.3199733
1.470404
-0.2123656
0.5971767
1.416609
-0.2014403
0.7050434
1.402592
-0.3501455
0.4737641
1.422872
-0.4122149
0.2845364
1.423286
-0.218678
0.3420625
1.313232
-0.1856698
0.3566557
1.304081
-0.04364685
0.486196
1.468345
0.01537959
0.2979353
1.469514
-0.1534844
0.3354771
1.318139
-0.1981949
0.3548521
1.298987
-0.1884312
0.03651034
1.512379
-0.185315
-0.2810832
1.548554
-0.1803649
-0.6373782
1.658149
-0.1712451
-0.6978349
1.591083
-0.1433352
0.06564289
1.486416
0.1497675
-0.02126161
1.469978
0.5500376
-0.2006067
1.480152
-0.0583057
-0.2367185
1.590083
-0.2606406
0.5354429
1.42256
-0.2014367
0.3520423
1.244574
-0.1929373
0.3056152
1.258269
-0.2332416
0.367908
1.247503
-0.2388873
0.3187529
1.246707
-0.1952572
0.02744617
1.512683
-0.1952572
0.3199733
1.470404
-0.2123656
0.5971767
1.416609
-0.2014403
0.7050434
1.402592
-0.3501455
0.4737641
1.422872
-0.4122149
0.2845364
1.423286
-0.218678
0.3420625
1.313232
-0.1856698
0.3566557
1.304081
-0.04364685
0.486196
1.468345
0.01537959
0.2979353
1.469514
-0.1534844
0.3354771
1.318139
-0.1981949
0.3548521
1.298987
-0.1884312
0.03651034
1.512379
-0.185315
-0.2810832
1.548554
-0.1803649
-0.6373782
1.658149
-0.1712451
-0.6978349
1.591083
-0.1389451
0.06433793
1.485742
0.1306663
-0.04227247
1.474422
0.5066356
-0.2678682
1.48871
-0.0583057
-0.3026715
1.590083
-0.2584356
0.5355918
1.422404
-0.1894388
0.3428376
1.241566
-0.2343729
0.2696985
1.2574
-0.2315774
0.3696748
1.247239
-0.2390665
0.3186612
1.246779
-0.1952572
0.02744617
1.512683
-0.1952572
0.3199733
1.470404
-0.2123656
0.5971767
1.416609
-0.2014403
0.7050434
1.402592
-0.3501455
0.4737641
1.422872
-0.4122149
0.2845364
1.423286
-0.218678
0.3420625
1.313232
-0.1856698
0.3566557
1.304081
-0.04364685
0.486196
1.468345
0.01537959
0.2979353
1.469514
-0.1534844
0.3354771
1.318139
-0.1981949
0.3548521
1.298987
-0.1884312
0.03651034
1.512379
-0.185315
-0.2810832
1.548554
-0.1803649
-0.6373782
1.658149
-0.1712451
-0.6978349
1.591083
-0.1289043
0.05899292
1.486529
0.1113551
-0.08366586
1.483926
0.4617447
-0.3468456
1.500072
-0.0583057
-0.4187012
1.590083
-0.246854
0.5354952
1.424583
-0.18137
0.3416543
1.240675
-0.2298485
0.2725845
1.253767
-0.2240169
0.3674885
1.244415
-0.2373989
0.3184933
1.246963
-0.1952572
0.02744617
1.512683
-0.1952572
0.3199733
1.470404
-0.2123656
0.5971767
1.416609
-0.2014403
0.7050434
1.402592
-0.3501455
0.4737641
1.422872
-0.4122149
0.2845364
1.423286
-0.218678
0.3420625
1.313232
-0.1856698
0.3566557
1.304081
-0.04364685
0.486196
1.468345
0.01537959
0.2979353
1.469514
-0.1534844
0.3354771
1.318139
-0.1981949
0.3548521
1.298987
-0.1884312
0.03651034
1.512379
-0.185315
-0.2810832
1.548554
-0.1803649
-0.6373782
1.658149
-0.1712451
-0.6978349
1.591083
-0.1176138
0.05560756
1.489486
0.07871074
-0.1413546
1.492274
0.3154723
-0.4313448
1.536993
-0.0583057
-0.4629789
1.590083
-0.2386059
0.5350936
1.426307
-0.1715082
0.3734671
1.26072
-0.1796788
0.3306902
1.230452
-0.2153235
0.3670247
1.243559
-0.2303574
0.3183269
1.246385
-0.1952572
0.02744617
1.512683
-0.1952572
0.3199733
1.470404
-0.2123656
0.5971767
1.416609
-0.2014403
0.7050434
1.402592
-0.3501455
0.4737641
1.422872
-0.4122149
0.2845364
1.423286
-0.218678
0.3420625
1.313232
-0.1856698
0.3566557
1.304081
-0.04364685
0.486196
1.468345
0.01537959
0.2979353
1.469514
-0.1534844
0.3354771
1.318139
-0.1981949
0.3548521
1.298987
-0.1884312
0.03651034
1.512379
-0.185315
-0.2810832
1.548554
-0.1803649
-0.6373782
1.658149
-0.1712451
-0.6978349
1.591083
-0.09956011
0.05035757
1.496359
0.04848355
-0.2346452
1.508988
0.2068024
-0.5786981
1.569756
-0.0583057
-0.6201172
1.590083
-0.2274616
0.5343036
1.428121
-0.1587737
0.3717091
1.261824
-0.1692553
0.3296214
1.229317
-0.2036442
0.3723592
1.247761
-0.2191614
0.3204749
1.252529
-0.1952572
0.02744617
1.512683
-0.1952572
0.3199733
1.470404
-0.2123656
0.5971767
1.416609
-0.2014403
0.7050434
1.402592
-0.3501455
0.4737641
1.422872
-0.4122149
0.2845364
1.423286
-0.218678
0.3420625
1.313232
-0.1856698
0.3566557
1.304081
-0.04364685
0.486196
1.468345
0.01537959
0.2979353
1.469514
-0.1534844
0.3354771
1.318139
-0.1981949
0.3548521
1.298987
-0.1884312
0.03651034
1.512379
-0.185315
-0.2810832
1.548554
-0.1803649
-0.6373782
1.658149
-0.1712451
-0.6978349
1.591083
-0.09411859
0.04553022
1.497735
0.01964462
-0.2818042
1.521235
0.1202436
-0.6156918
1.584039
-0.0583057
-0.659668
1.590083
-0.2176252
0.5338563
1.427531
-0.1110043
0.3780992
1.319844
-0.1552276
0.3274212
1.233619
-0.2621242
0.3730411
1.289279
-0.2335933
0.3220445
1.265484
-0.1952572
0.02744617
1.512683
-0.1952572
0.3199733
1.470404
-0.2123656
0.5971767
1.416609
-0.2014403
0.7050434
1.402592
-0.3501455
0.4737641
1.422872
-0.4122149
0.2845364
1.423286
-0.218678
0.3420625
1.313232
-0.1856698
0.3566557
1.304081
-0.04364685
0.486196
1.468345
0.01537959
0.2979353
1.469514
-0.1534844
0.3354771
1.318139
-0.1981949
0.3548521
1.298987
-0.1884312
0.03651034
1.512379
-0.185315
-0.2810832
1.548554
-0.1803649
-0.6373782
1.658149
-0.1712451
-0.6978349
1.591083
-0.0906418
0.04005843
1.497599
-0.01868979
-0.3091263
1.530236
0.04412918
-0.6199341
1.596505
-0.0583057
-0.6731921
1.590083
-0.2059696
0.5335053
1.42614
-0.1507005
0.3393578
1.241542
-0.1458089
0.2988942
1.269839
-0.1843306
0.3617301
1.241364
-0.2017056
0.3163529
1.249353
-0.1952572
0.02744617
1.512683
-0.1952572
0.3199733
1.470404
-0.2123656
0.5971767
1.416609
-0.2014403
0.7050434
1.402592
-0.3501455
0.4737641
1.422872
-0.4122149
0.2845364
1.423286
-0.218678
0.3420625
1.313232
-0.1856698
0.3566557
1.304081
-0.04364685
0.486196
1.468345
0.01537959
0.2979353
1.469514
-0.1534844
0.3354771
1.318139
-0.1981949
0.3548521
1.298987
-0.1884312
0.03651034
1.512379
-0.185315
-0.2810832
1.548554
-0.1803649
-0.6373782
1.658149
-0.1712451
-0.6978349
1.591083
-0.09076955
0.03782484
1.496839
-0.05289807
-0.3057469
1.532295
-0.0195873
-0.6316583
1.622101
-0.0583057
-0.6881042
1.590083
-0.1968938
0.5345023
1.425422
-0.1458022
0.3432808
1.244022
-0.1401376
0.296122
1.268107
-0.176449
0.3632306
1.244624
-0.1922002
0.3155169
1.249
-0.1952572
0.02744617
1.512683
-0.1952572
0.3199733
1.470404
-0.2123656
0.5971767
1.416609
-0.2014403
0.7050434
1.402592
-0.3501455
0.4737641
1.422872
-0.4122149
0.2845364
1.423286
-0.218678
0.3420625
1.313232
-0.1856698
0.3566557
1.304081
-0.04364685
0.486196
1.468345
0.01537959
0.2979353
1.469514
-0.1534844
0.3354771
1.318139
-0.1981949
0.3548521
1.298987
-0.1884312
0.03651034
1.512379
-0.185315
-0.2810832
1.548554
-0.1803649
-0.6373782
1.658149
-0.1712451
-0.6978349
1.591083
-0.09097235
0.03637248
1.496381
-0.08593819
-0.3106706
1.535205
-0.05891455
-0.6336933
1.6292
-0.0583057
-0.7008074
1.590083
-0.1913043
0.5348338
1.425228
-0.1318813
0.3281123
1.241349
-0.1792082
0.262302
1.272057
-0.1698881
0.358333
1.244595
-0.1851869
0.3179165
1.254067
-0.1952572
0.02744617
1.512683
-0.1952572
0.3199733
1.470404
-0.2123656
0.5971767
1.416609
-0.2014403
0.7050434
1.402592
-0.3501455
0.4737641
1.422872
-0.4122149
0.2845364
1.423286
-0.218678
0.3420625
1.313232
-0.1856698
0.3566557
1.304081
-0.04364685
0.486196
1.468345
0.01537959
0.2979353
1.469514
-0.1534844
0.3354771
1.318139
-0.1981949
0.3548521
1.298987
-0.1884312
0.03651034
1.512379
-0.185315
-0.2810832
1.548554
-0.1803649
-0.6373782
1.658149
-0.1712451
-0.6978349
1.591083
-0.09054969
0.03484342
1.49561
-0.0991013
-0.3133129
1.536084
-0.0794099
-0.6349736
1.639256
-0.0583057
-0.6996421
1.590083
-0.1736182
0.5338818
1.423183
-0.1254261
0.3247242
1.244114
-0.1649217
0.2664846
1.274949
-0.1599849
0.3509501
1.242138
-0.1768934
0.3163105
1.253894
-0.1952572
0.02744617
1.512683
-0.1952572
0.3199733
1.470404
-0.2123656
0.5971767
1.416609
-0.2014403
0.7050434
1.402592
-0.3501455
0.4737641
1.422872
-0.4122149
0.2845364
1.423286
-0.218678
0.3420625
1.313232
-0.1856698
0.3566557
1.304081
-0.04364685
0.486196
1.468345
0.01537959
0.2979353
1.469514
-0.1534844
0.3354771
1.318139
-0.1981949
0.3548521
1.298987
-0.1884312
0.03651034
1.512379
-0.185315
-0.2810832
1.548554
-0.1803649
-0.6373782
1.658149
-0.1712451
-0.6978349
1.591083
-0.08899387
0.03353938
1.495111
-0.09847968
-0.3113044
1.535236
-0.07760859
-0.6356916
1.642485
-0.0583057
-0.697906
1.590083
-0.169674
0.5331734
1.423028
-0.122318
0.3220494
1.246683
-0.1751917
0.2564159
1.272902
-0.1602884
0.3566648
1.251337
-0.1511526
0.3097167
1.229259
-0.1952572
0.02744617
1.512683
-0.1952572
0.3199733
1.470404
-0.2123656
0.5971767
1.416609
-0.2014403
0.7050434
1.402592
-0.3501455
0.4737641
1.422872
-0.4122149
0.2845364
1.423286
-0.218678
0.3420625
1.313232
-0.1856698
0.3566557
1.304081
-0.04364685
0.486196
1.468345
0.01537959
0.2979353
1.469514
-0.1534844
0.3354771
1.318139
-0.1981949
0.3548521
1.298987
-0.1884312
0.03651034
1.512379
-0.185315
-0.2810832
1.548554
-0.1803649
-0.6373782
1.658149
-0.1712451
-0.6978349
1.591083
-0.08637318
0.03216866
1.49473
-0.09800261
-0.3099039
1.534723
-0.07686049
-0.6359027
1.644178
-0.0583057
-0.6967822
1.590083
-0.1668183
0.5327857
1.423337
-0.1267667
0.3289689
1.2513
-0.1260289
0.2902443
1.27312
-0.1583794
0.3548647
1.250962
-0.1532876
0.3099151
1.231875
-0.1952572
0.02744617
1.512683
-0.1952572
0.3199733
1.470404
-0.2123656
0.5971767
1.416609
-0.2014403
0.7050434
1.402592
-0.3501455
0.4737641
1.422872
-0.4122149
0.2845364
1.423286
-0.218678
0.3420625
1.313232
-0.1856698
0.3566557
1.304081
-0.04364685
0.486196
1.468345
0.01537959
0.2979353
1.469514
-0.1534844
0.3354771
1.318139
-0.1981949
0.3548521
1.298987
-0.1884312
0.03651034
1.512379
-0.185315
-0.2810832
1.548554
-0.1803649
-0.6373782
1.658149
-0.1712451
-0.6978349
1.591083
-0.08303493
0.03044521
1.494137
-0.09754609
-0.3094062
1.534557
-0.07645772
-0.6358984
1.645341
-0.0583057
-0.696346
1.590083
-0.1579621
0.5326493
1.425059
-0.1277349
0.3325522
1.245401
-0.1235525
0.290445
1.27302
-0.1569356
0.3543372
1.248669
-0.1626606
0.3091589
1.245571