0.1605853
-0.04986146
1.479997
0.1596054
0.244296
1.444308
-0.2123656
0.5971767
1.416609
-0.2014403
0.7050434
1.402592
-0.3501455
0.4737641
1.422872
-0.4122149
0.2845364
1.423286
-0.218678
0.3420625
1.313232
-0.1856698
0.3566557
1.304081
-0.04364685
0.486196
1.468345
0.01537959
0.2979353
1.469514
-0.1534844
0.3354771
1.318139
-0.1981949
0.3548521
1.298987
0.08440524
-0.0545773
1.482751
-0.06603383
-0.3601069
1.503181
-0.157879
-0.6610003
1.553554
-0.2096401
-0.7123343
1.404306
0.2296024
-0.04280132
1.41106
0.3534395
-0.3081152
1.48684
0.5244903
-0.601308
1.650234
0.5123834
-0.6983526
1.629887
0.1575951
0.4557729
1.41037
0.2385164
0.3888478
1.23315
0.2198693
0.3077624
1.1895
-0.05033407
0.3693429
1.336977
0.05794393
0.3468314
1.351273
0.1511845
-0.05702694
1.482226
0.1488244
0.2345836
1.444884
-0.2123656
0.5971767
1.416609
-0.2014403
0.7050434
1.402592
-0.3501455
0.4737641
1.422872
-0.4122149
0.2845364
1.423286
-0.218678
0.3420625
1.313232
-0.1856698
0.3566557
1.304081
-0.04364685
0.486196
1.468345
0.01537959
0.2979353
1.469514
-0.1534844
0.3354771
1.318139
-0.1981949
0.3548521
1.298987
0.07540013
-0.06168221
1.485322
-0.08187487
-0.3560576
1.4957
-0.157879
-0.6610003
1.553554
-0.2096401
-0.7123343
1.404306
0.2202499
-0.049795
1.412945
0.325735
-0.3164046
1.474503
0.5244903
-0.601308
1.650234
0.5123834
-0.6983526
1.629887
0.1460912
0.4443015
1.409564
0.2348575
0.3592819
1.230915
0.2021776
0.2838402
1.18129
-0.05624714
0.3676203
1.331384
0.04455921
0.3388136
1.342917
0.1335906
-0.07556596
1.488101
0.1323815
0.21471
1.447868
-0.2123656
0.5971767
1.416609
-0.2014403
0.7050434
1.402592
-0.3501455
0.4737641
1.422872
-0.4122149
0.2845364
1.423286
-0.218678
0.3420625
1.313232
-0.1856698
0.3566557
1.304081
-0.04364685
0.486196
1.468345
0.01537959
0.2979353
1.469514
-0.1534844
0.3354771
1.318139
-0.1981949
0.3548521
1.298987
0.058547
-0.07785475
1.492883
-0.09840139
-0.3506966
1.486454
-0.157879
-0.6610003
1.553554
-0.2096401
-0.7123343
1.404306
0.2027658
-0.07001528
1.417034
0.2928654
-0.3369228
1.462433
0.5244903
-0.601308
1.650234
0.5123834
-0.6983526
1.629887
0.1306618
0.4237853
1.410431
0.2271407
0.3517472
1.236547
0.1978212
0.2820936
1.191596
-0.07087295
0.351101
1.338821
0.02145029
0.3178561
1.355727
0.1162596
-0.09315919
1.491375
0.1176617
0.1942308
1.449211
-0.2123656
0.5971767
1.416609
-0.2014403
0.7050434
1.402592
-0.3501455
0.4737641
1.422872
-0.4122149
0.2845364
1.423286
-0.218678
0.3420625
1.313232
-0.1856698
0.3566557
1.304081
-0.04364685
0.486196
1.468345
0.01537959
0.2979353
1.469514
-0.1534844
0.3354771
1.318139
-0.1981949
0.3548521
1.298987
0.04150547
-0.09319423
1.497378
-0.1155223
-0.3483031
1.47875
-0.157879
-0.6610003
1.553554
-0.2096401
-0.7123343
1.404306
0.1858177
-0.08930608
1.419011
0.2590159
-0.3443384
1.444695
0.5244903
-0.601308
1.650234
0.5123834
-0.6983526
1.629887
0.1176957
0.4009086
1.410274
0.2127538
0.332659
1.237306
0.181519
0.2638277
1.194315
-0.08286456
0.3222185
1.327786
0.01058735
0.3067789
1.323467
0.1000242
-0.1179999
1.495506
0.1025725
0.1660149
1.451334
-0.2123656
0.5971767
1.416609
-0.2014403
0.7050434
1.402592
-0.3501455
0.4737641
1.422872
-0.4122149
0.2845364
1.423286
-0.218678
0.3420625
1.313232
-0.1856698
0.3566557
1.304081
-0.04364685
0.486196
1.468345
0.01537959
0.2979353
1.469514
-0.1534844
0.3354771
1.318139
-0.1981949
0.3548521
1.298987
0.02727771
-0.1147489
1.502608
-0.1331283
-0.3488339
1.471318
-0.157879
-0.6610003
1.553554
-0.2096401
-0.7123343
1.404306
0.1685096
-0.1160759
1.42204
0.2306356
-0.3629855
1.432702
0.5244903
-0.601308
1.650234
0.5123834
-0.6983526
1.629887
0.1038262
0.3709727
1.410673
0.1995936
0.2997761
1.235679
0.1672397
0.2273773
1.189737
-0.1004781
0.2889237
1.343665
0.003639626
0.2811867
1.337875
0.07498486
-0.1570168
1.495791
0.08014344
0.1224205
1.451235
-0.2123656
0.5971767
1.416609
-0.2014403
0.7050434
1.402592
-0.3501455
0.4737641
1.422872
-0.4122149
0.2845364
1.423286
-0.218678
0.3420625
1.313232
-0.1856698
0.3566557
1.304081
-0.04364685
0.486196
1.468345
0.01537959
0.2979353
1.469514
-0.1534844
0.3354771
1.318139
-0.1981949
0.3548521
1.298987
0.00462402
-0.1509031
1.505544
-0.1632052
-0.3602142
1.456618
-0.157879
-0.6610003
1.553554
-0.2096401
-0.7123343
1.404306
0.142237
-0.156157
1.419773
0.1829311
-0.4091725
1.417395
0.5244903
-0.601308
1.650234
0.5123834
-0.6983526
1.629887
0.08350304
0.324471
1.41019
0.05465063
0.1150348
1.16765
0.01763366
0.0777534
1.193606
-0.1117045
0.2545093
1.326129
-0.02533643
0.2167305
1.3585
0.05453267
-0.209861
1.488801
0.05908329
0.0701834
1.447082
-0.2123656
0.5971767
1.416609
-0.2014403
0.7050434
1.402592
-0.3501455
0.4737641
1.422872
-0.4122149
0.2845364
1.423286
-0.218678
0.3420625
1.313232
-0.1856698
0.3566557
1.304081
-0.04364685
0.486196
1.468345
0.01537959
0.2979353
1.469514
-0.1534844
0.3354771
1.318139
-0.1981949
0.3548521
1.298987
-0.01430707
-0.2032588
1.499905
-0.1973492
-0.3869429
1.447335
-0.157879
-0.6610003
1.553554
-0.2096401
-0.7123343
1.404306
0.1211696
-0.2072335
1.411785
0.1656511
-0.4565849
1.418457
0.5244903
-0.601308
1.650234
0.5123834
-0.6983526
1.629887
0.06191048
0.2729745
1.407931
0.03686596
0.05952898
1.161928
0.0009193082
0.02258282
1.189667
-0.1437118
0.1829802
1.354141
-0.04104866
0.1804385
1.329667
0.04526077
-0.2423991
1.484596
0.04802708
0.03719639
1.443926
-0.2123656
0.5971767
1.416609
-0.2014403
0.7050434
1.402592
-0.3501455
0.4737641
1.422872
-0.4122149
0.2845364
1.423286
-0.218678
0.3420625
1.313232
-0.1856698
0.3566557
1.304081
-0.04364685
0.486196
1.468345
0.01537959
0.2979353
1.469514
-0.1534844
0.3354771
1.318139
-0.1981949
0.3548521
1.298987
-0.02265612
-0.2336604
1.497222
-0.2185709
-0.4023007
1.438477
-0.157879
-0.6610003
1.553554
-0.2096401
-0.7123343
1.404306
0.1113882
-0.2404542
1.406225
0.1490011
-0.4887012
1.41947
0.5244903
-0.601308
1.650234
0.5123834
-0.6983526
1.629887
0.04969452
0.2400674
1.40539
0.09752806
0.04647951
1.165198
0.005589675
-0.003594122
1.163776
-0.1442155
0.1694823
1.327456
-0.05011543
0.1434951
1.348333
0.04363419
-0.2772518
1.477686
0.04061072
0.003810952
1.43964
-0.2123656
0.5971767
1.416609
-0.2014403
0.7050434
1.402592
-0.3501455
0.4737641
1.422872
-0.4122149
0.2845364
1.423286
-0.218678
0.3420625
1.313232
-0.1856698
0.3566557
1.304081
-0.04364685
0.486196
1.468345
0.01537959
0.2979353
1.469514
-0.1534844
0.3354771
1.318139
-0.1981949
0.3548521
1.298987
-0.02215324
-0.2717967
1.489868
-0.238489
-0.4137958
1.434981
-0.157879
-0.6610003
1.553554
-0.2096401
-0.7123343
1.404306
0.1077955
-0.2707313
1.400002
0.1372751
-0.5165142
1.424505
0.5244903
-0.601308
1.650234
0.5123834
-0.6983526
1.629887
0.0380055
0.2072861
1.402797
0.09036785
0.02295285
1.172198
0.01004646
-0.02492388
1.152682
-0.156684
0.1365191
1.335369
-0.05962268
0.1082926
1.3548
0.04164261
-0.3092032
1.476717
0.03195117
-0.03255165
1.438285
-0.2123656
0.5971767
1.416609
-0.2014403
0.7050434
1.402592
-0.3501455
0.4737641
1.422872
-0.4122149
0.2845364
1.423286
-0.218678
0.3420625
1.313232
-0.1856698
0.3566557
1.304081
-0.04364685
0.486196
1.468345
0.01537959
0.2979353
1.469514
-0.1534844
0.3354771
1.318139
-0.1981949
0.3548521
1.298987
-0.02145628
-0.3009126
1.48944
-0.2505456
-0.4217364
1.435393
-0.157879
-0.6610003
1.553554
-0.2096401
-0.7123343
1.404306
0.1029114
-0.3044553
1.398507
0.1393359
-0.545238
1.433408
0.5244903
-0.601308
1.650234
0.5123834
-0.6983526
1.629887
0.02441648
0.1687766
1.401218
0.08222747
0.003359587
1.18444
-0.01662601
-0.04650237
1.187842
-0.1781172
0.08463839
1.348327
-0.07072701
0.05797101
1.3616
0.03867825
-0.3183235
1.476518
0.02800881
-0.04448438
1.438473
-0.2123656
0.5971767
1.416609
-0.2014403
0.7050434
1.402592
-0.3501455
0.4737641
1.422872
-0.4122149
0.2845364
1.423286
-0.218678
0.3420625
1.313232
-0.1856698
0.3566557
1.304081
-0.04364685
0.486196
1.468345
0.01537959
0.2979353
1.469514
-0.1534844
0.3354771
1.318139
-0.1981949
0.3548521
1.298987
-0.02416596
-0.3092464
1.489291
-0.2552573
-0.426254
1.436852
-0.157879
-0.6610003
1.553554
-0.2096401
-0.7123343
1.404306
0.09996054
-0.3135266
1.398499
0.1400208
-0.5530738
1.434606
0.5244903
-0.601308
1.650234
0.5123834
-0.6983526
1.629887
0.0198927
0.1547469
1.401716
0.07740305
-0.01123535
1.183772
0.06129198
0.0738783
1.230429
-0.1689128
0.07809715
1.323674
-0.1589285
0.005512492
1.371518
0.02711722
-0.338644
1.474891
0.01979215
-0.06231413
1.438089
-0.2123656
0.5971767
1.416609
-0.2014403
0.7050434
1.402592
-0.3501455
0.4737641
1.422872
-0.4122149
0.2845364
1.423286
-0.218678
0.3420625
1.313232
-0.1856698
0.3566557
1.304081
-0.04364685
0.486196
1.468345
0.01537959
0.2979353
1.469514
-0.1534844
0.3354771
1.318139
-0.1981949
0.3548521
1.298987
-0.03304284
-0.3260781
1.489851
-0.2686969
-0.4329697
1.434891
-0.157879
-0.6610003
1.553554
-0.2096401
-0.7123343
1.404306
0.08613919
-0.3366401
1.394805
0.1382943
-0.5721573
1.434057
0.5244903
-0.601308
1.650234
0.5123834
-0.6983526
1.629887
0.0141247
0.1389737
1.40206
0.07310772
-0.02730881
1.181348
0.05154589
0.05552224
1.231964
-0.1709098
0.06070217
1.33059
-0.1451184
0.03430247
1.360364
0.02364436
-0.3432958
1.474589
0.01690017
-0.06723257
1.438107
-0.2123656
0.5971767
1.416609
-0.2014403
0.7050434
1.402592
-0.3501455
0.4737641
1.422872
-0.4122149
0.2845364
1.423286
-0.218678
0.3420625
1.313232
-0.1856698
0.3566557
1.304081
-0.04364685
0.486196
1.468345
0.01537959
0.2979353
1.469514
-0.1534844
0.3354771
1.318139
-0.1981949
0.3548521
1.298987
-0.03632861
-0.3309922
1.48999
-0.2729937
-0.4351627
1.43302
-0.157879
-0.6610003
1.553554
-0.2096401
-0.7123343
1.404306
0.08272249
-0.3407099
1.394239
0.1353717
-0.576089
1.433291
0.5244903
-0.601308
1.650234
0.5123834
-0.6983526
1.629887
0.01174369
0.133938
1.402319
-0.05872975
-0.07433348
1.233533
-0.03078609
-0.05859404
1.312214
-0.1677105
0.05865683
1.341393
-0.1724761
-0.01090452
1.370537
0.02025458
-0.3449471
1.474998
0.01495443
-0.06868105
1.438197
-0.2123656
0.5971767
1.416609
-0.2014403
0.7050434
1.402592
-0.3501455
0.4737641
1.422872
-0.4122149
0.2845364
1.423286
-0.218678
0.3420625
1.313232
-0.1856698
0.3566557
1.304081
-0.04364685
0.486196
1.468345
0.01537959
0.2979353
1.469514
-0.1534844
0.3354771
1.318139
-0.1981949
0.3548521
1.298987
-0.03990057
-0.3325029
1.491658
-0.2762367
-0.4366286
1.431883
-0.157879
-0.6610003
1.553554
-0.2096401
-0.7123343
1.404306
0.07946704
-0.3425874
1.393549
0.1339822
-0.5773256
1.43313
0.5244903
-0.601308
1.650234
0.5123834
-0.6983526
1.629887
0.0106658
0.1326677
1.402227
-0.05876608
-0.07222126
1.233449
-0.03074057
-0.05744459
1.313095
-0.1720819
0.05935381
1.335314
-0.1763429
-0.01134077
1.379375
0.01968336
-0.3454862
1.475885
0.01469199
-0.06864081
1.438399
-0.2123656
0.5971767
1.416609
-0.2014403
0.7050434
1.402592
-0.3501455
0.4737641
1.422872
-0.4122149
0.2845364
1.423286
-0.218678
0.3420625
1.313232
-0.1856698
0.3566557
1.304081
-0.04364685
0.486196
1.468345
0.01537959
0.2979353
1.469514
-0.1534844
0.3354771
1.318139
-0.1981949
0.3548521
1.298987
-0.04116835
-0.3315115
1.491861
-0.2767711
-0.4370258
1.431546
-0.157879
-0.6610003
1.553554
-0.2096401
-0.7123343
1.404306
0.07951009
-0.3465168
1.396874
0.1329229
-0.5822189
1.434044
0.5244903
-0.601308
1.650234
0.5123834
-0.6983526
1.629887
0.01045082
0.1329634
1.402224
-0.1747765
0.06801029
1.305026
-0.14888
0.02536349
1.28604
-0.1865743
0.06245518
1.338771
-0.1722114
0.02387735
1.288909
0.01957735
-0.3352883
1.476748
0.01489234
-0.05738427
1.438443
-0.2123656
0.5971767
1.416609
-0.2014403
0.7050434
1.402592
-0.3501455
0.4737641
1.422872
-0.4122149
0.2845364
1.423286
-0.218678
0.3420625
1.313232
-0.1856698
0.3566557
1.304081
-0.04364685
0.486196
1.468345
0.01537959
0.2979353
1.469514
-0.1534844
0.3354771
1.318139
-0.1981949
0.3548521
1.298987
-0.04346579
-0.3159917
1.48906
-0.2720054
-0.4359618
1.431995
-0.157879
-0.6610003
1.553554
-0.2096401
-0.7123343
1.404306
0.08120904
-0.3390753
1.399683
0.1305347
-0.5770283
1.433267
0.5244903
-0.601308
1.650234
0.5123834
-0.6983526
1.629887
0.01117119
0.1452208
1.401415
-0.1424401
0.05999525
1.285396
-0.1348318
0.02087472
1.281786
-0.1852745
0.08050177
1.356017
-0.1432656
0.008053001
1.311222
0.01813376
-0.3122869
1.480392
0.01585767
-0.03296727
1.439335
-0.2123656
0.5971767
1.416609
-0.2014403
0.7050434
1.402592
-0.3501455
0.4737641
1.422872
-0.4122149
0.2845364
1.423286
-0.218678
0.3420625
1.313232
-0.1856698
0.3566557
1.304081
-0.04364685
0.486196
1.468345
0.01537959
0.2979353
1.469514
-0.1534844
0.3354771
1.318139
-0.1981949
0.3548521
1.298987
-0.0460028
-0.2906694
1.492726
-0.2626597
-0.4301126
1.432695
-0.157879
-0.6610003
1.553554
-0.2096401
-0.7123343
1.404306
0.08136208
-0.3201198
1.402878
0.1312291
-0.5599687
1.431616
0.5244903
-0.601308
1.650234
0.5123834
-0.6983526
1.629887
0.0141317
0.1705702
1.40014
-0.1288163
0.09872257
1.29508
-0.1280277
0.04643672
1.281036
-0.1806946
0.1051697
1.340671
-0.1507267
0.04438155
1.309059
0.01568223
-0.2714696
1.480363
0.01750937
0.003814613
1.438681
-0.2123656
0.5971767
1.416609
-0.2014403
0.7050434
1.402592
-0.3501455
0.4737641
1.422872
-0.4122149
0.2845364
1.423286
-0.218678
0.3420625
1.313232
-0.1856698
0.3566557
1.304081
-0.04364685
0.486196
1.468345
0.01537959
0.2979353
1.469514
-0.1534844
0.3354771
1.318139
-0.1981949
0.3548521
1.298987
-0.04711516
-0.2594715
1.495785
-0.250059
-0.4180451
1.43433
-0.157879
-0.6610003
1.553554
-0.2096401
-0.7123343
1.404306
0.07762375
-0.2707791
1.39899
0.1238148
-0.5130505
1.42689
0.5244903
-0.601308
1.650234
0.5123834
-0.6983526
1.629887
0.01870146
0.2041322
1.399212
-0.1242568
0.1310544
1.291068
-0.1192417
0.07791685
1.276151
-0.1754429
0.1292981
1.321388
-0.1516087
0.0817626
1.319
0.02185335
-0.2428942
1.482554
0.02439438
0.03568203
1.439591
-0.2123656
0.5971767
1.416609
-0.2014403
0.7050434
1.402592
-0.3501455
0.4737641
1.422872
-0.4122149
0.2845364
1.423286
-0.218678
0.3420625
1.313232
-0.1856698
0.3566557
1.304081
-0.04364685
0.486196
1.468345
0.01537959
0.2979353
1.469514
-0.1534844
0.3354771
1.318139
-0.1981949
0.3548521
1.298987
-0.04233508
-0.2349645
1.49732
-0.2359384
-0.4052697
1.436057
-0.157879
-0.6610003
1.553554
-0.2096401
-0.7123343
1.404306
0.08555181
-0.2395358
1.402426
0.1221552
-0.4863234
1.423061
0.5244903
-0.601308
1.650234
0.5123834
-0.6983526
1.629887
0.02608022
0.2377256
1.39926
-0.1269562
0.1630095
1.284346
-0.1232593
0.1169701
1.275316
-0.1709688
0.1655074
1.324958
-0.158631
0.1210348
1.325
0.03717226
-0.2130151
1.484658
0.03643681
0.06750228
1.44136
-0.2123656
0.5971767
1.416609
-0.2014403
0.7050434
1.402592
-0.3501455
0.4737641
1.422872
-0.4122149
0.2845364
1.423286
-0.218678
0.3420625
1.313232
-0.1856698
0.3566557
1.304081
-0.04364685
0.486196
1.468345
0.01537959
0.2979353
1.469514
-0.1534844
0.3354771
1.318139
-0.1981949
0.3548521
1.298987
-0.03048491
-0.2080437
1.498219
-0.2152719
-0.3891784
1.441998
-0.157879
-0.6610003
1.553554
-0.2096401
-0.7123343
1.404306
0.1040615
-0.2081874
1.405399
0.1418014
-0.4551581
1.427943
0.5244903
-0.601308
1.650234
0.5123834
-0.6983526
1.629887
0.03569368
0.2711784
1.400936
-0.1149977
0.2011134
1.285999
-0.10961
0.1570994
1.27345
-0.1597656
0.1960089
1.335738
-0.1335301
0.1483149
1.304563
0.04734241
-0.1802468
1.488983
0.04790742
0.1010624
1.443766
-0.2123656
0.5971767
1.416609
-0.2014403
0.7050434
1.402592
-0.3501455
0.4737641
1.422872
-0.4122149
0.2845364
1.423286
-0.218678
0.3420625
1.313232
-0.1856698
0.3566557
1.304081
-0.04364685
0.486196
1.468345
0.01537959
0.2979353
1.469514
-0.1534844
0.3354771
1.318139
-0.1981949
0.3548521
1.298987
-0.02078635
-0.1745225
1.501196
-0.190057
-0.3713253
1.449306
-0.157879
-0.6610003
1.553554
-0.2096401
-0.7123343
1.404306
0.1137142
-0.1779304
1.41066
0.1771609
-0.4200675
1.433741
0.5244903
-0.601308
1.650234
0.5123834
-0.6983526
1.629887
0.04806692
0.3047653
1.402028
-0.09894849
0.2332159
1.286709
-0.09627243
0.1808368
1.275218
-0.1400916
0.2348489
1.325328
-0.1291057
0.1857542
1.319444
0.06702008
-0.1481319
1.490352
0.06629202
0.1339966
1.444676
-0.2123656
0.5971767
1.416609
-0.2014403
0.7050434
1.402592
-0.3501455
0.4737641
1.422872
-0.4122149
0.2845364
1.423286
-0.218678
0.3420625
1.313232
-0.1856698
0.3566557
1.304081
-0.04364685
0.486196
1.468345
0.01537959
0.2979353
1.469514
-0.1534844
0.3354771
1.318139
-0.1981949
0.3548521
1.298987
-0.003450229
-0.1434786
1.502764
-0.1677034
-0.3579879
1.458154
-0.157879
-0.6610003
1.553554
-0.2096401
-0.7123343
1.404306
0.1347784
-0.1462409
1.411713
0.2009004
-0.3868293
1.440415
0.5244903
-0.601308
1.650234
0.5123834
-0.6983526
1.629887
0.06536546
0.3380461
1.4028
-0.1117622
0.2647671
1.278854
-0.06017709
0.2439116
1.282088
-0.1233256
0.2666597
1.32853
-0.1110194
0.2119139
1.337471
0.08461314
-0.1211641
1.490736
0.08393322
0.1623232
1.444796
-0.2123656
0.5971767
1.416609
-0.2014403
0.7050434
1.402592
-0.3501455
0.4737641
1.422872
-0.4122149
0.2845364
1.423286
-0.218678
0.3420625
1.313232
-0.1856698
0.3566557
1.304081
-0.04364685
0.486196
1.468345
0.01537959
0.2979353
1.469514
-0.1534844
0.3354771
1.318139
-0.1981949
0.3548521
1.298987
0.01259983
-0.1183695
1.502347
-0.1477444
-0.3510599
1.466558
-0.157879
-0.6610003
1.553554
-0.2096401
-0.7123343
1.404306
0.1531143
-0.1185828
1.412847
0.2203634
-0.3595601
1.44144
0.5244903
-0.601308
1.650234
0.5123834
-0.6983526
1.629887
0.08297222
0.3671362
1.402843
-0.09611971
0.2850921
1.287164
-0.07687171
0.2441843
1.285308
-0.1034102
0.2820839
1.321756
-0.09837376
0.243903
1.320375
0.09610154
-0.1076942
1.490125
0.09366091
0.1756238
1.444641
-0.2123656
0.5971767
1.416609
-0.2014403
0.7050434
1.402592
-0.3501455
0.4737641
1.422872
-0.4122149
0.2845364
1.423286
-0.218678
0.3420625
1.313232
-0.1856698
0.3566557
1.304081
-0.04364685
0.486196
1.468345
0.01537959
0.2979353
1.469514
-0.1534844
0.3354771
1.318139
-0.1981949
0.3548521
1.298987
0.02291347
-0.1059971
1.501848
-0.1382708
-0.3495578
1.471048
-0.157879
-0.6610003
1.553554
-0.2096401
-0.7123343
1.404306
0.1652888
-0.1045861
1.412083
0.222601
-0.3484685
1.441161
0.5244903
-0.601308
1.650234
0.5123834
-0.6983526
1.629887
0.09141552
0.3801744
1.403104
-0.0978972
0.2823034
1.279831
-0.08419096
0.2592985
1.301727
-0.09376566
0.2847796
1.319466
-0.0903328
0.2451929
1.303333
0.1077077
-0.08890655
1.499812
0.1078577
0.1965465
1.449589
-0.2123656
0.5971767
1.416609
-0.2014403
0.7050434
1.402592
-0.3501455
0.4737641
1.422872
-0.4122149
0.2845364
1.423286
-0.218678
0.3420625
1.313232
-0.1856698
0.3566557
1.304081
-0.04364685
0.486196
1.468345
0.01537959
0.2979353
1.469514
-0.1534844
0.3354771
1.318139
-0.1981949
0.3548521
1.298987
0.03422885
-0.08597977
1.510227
-0.1167207
-0.3497261
1.48135
-0.157879
-0.6610003
1.553554
-0.2096401
-0.7123343
1.404306
0.1767594
-0.08769529
1.423174
0.26994
-0.3428736
1.460003
0.5244903
-0.601308
1.650234
0.5123834
-0.6983526
1.629887
0.1078472
0.4032077
1.404616
-0.0001385244
0.2691658
1.28453
-0.01222852
0.2501895
1.274539
-0.07574829
0.308126
1.321864
-0.03989867
0.2623142
1.282823
0.123769
-0.06846
1.503622
0.1246831
0.2168251
1.452361
-0.2123656
0.5971767
1.416609
-0.2014403
0.7050434
1.402592
-0.3501455
0.4737641
1.422872
-0.4122149
0.2845364
1.423286
-0.218678
0.3420625
1.313232
-0.1856698
0.3566557
1.304081
-0.04364685
0.486196
1.468345
0.01537959
0.2979353
1.469514
-0.1534844
0.3354771
1.318139
-0.1981949
0.3548521
1.298987
0.04941085
-0.06638368
1.512354
-0.09596785
-0.3528832
1.490962
-0.157879
-0.6610003
1.553554
-0.2096401
-0.7123343
1.404306
0.1928793
-0.06751019
1.428621
0.2897252
-0.3355063
1.466105
0.5244903
-0.601308
1.650234
0.5123834
-0.6983526
1.629887
0.1246268
0.4225811
1.406744
0.01507757
0.2859456
1.283417
0.008020926
0.2652085
1.272909
-0.05755674
0.335626
1.319918
-0.03376398
0.2840293
1.330333
0.1364949
-0.05884494
1.505608
0.1382753
0.2273965
1.454742
-0.2123656
0.5971767
1.416609
-0.2014403
0.7050434
1.402592
-0.3501455
0.4737641
1.422872
-0.4122149
0.2845364
1.423286
-0.218678
0.3420625
1.313232
-0.1856698
0.3566557
1.304081
-0.04364685
0.486196
1.468345
0.01537959
0.2979353
1.469514
-0.1534844
0.3354771
1.318139
-0.1981949
0.3548521
1.298987
0.06153177
-0.05775579
1.513633
-0.07892565
-0.3591855
1.500186
-0.157879
-0.6610003
1.553554
-0.2096401
-0.7123343
1.404306
0.2058093
-0.05732971
1.431433
0.3025355
-0.3257568
1.46941
0.5244903
-0.601308
1.650234
0.5123834
-0.6983526
1.629887
0.1395557
0.4341819
1.409331
0.02767076
0.303401
1.287142
0.02230646
0.275744
1.276125
-0.04273398
0.3408371
1.320187
-0.02765138
0.3016086
1.33425
0.1659125
-0.04562691
1.495645
0.1675926
0.2424017
1.45232
-0.2123656
0.5971767
1.416609
-0.2014403
0.7050434
1.402592
-0.3501455
0.4737641
1.422872
-0.4122149
0.2845364
1.423286
-0.218678
0.3420625
1.313232
-0.1856698
0.3566557
1.304081
-0.04364685
0.486196
1.468345
0.01537959
0.2979353
1.469514
-0.1534844
0.3354771
1.318139
-0.1981949
0.3548521
1.298987
0.09133929
-0.04708981
1.50303
-0.04682263
-0.371134
1.51586
-0.157879
-0.6610003
1.553554
-0.2096401
-0.7123343
1.404306
0.2334959
-0.04211146
1.42195
0.3161335
-0.2934211
1.465771
0.5244903
-0.601308
1.650234
0.5123834
-0.6983526
1.629887
0.168274
0.4500334
1.412991
0.02017042
0.3226628
1.29787
0.04457906
0.2846327
1.298
-0.01248666
0.3465265
1.321497
0.02739401
0.3023345
1.3242
0.1728665
-0.04282074
1.493987
0.1760688
0.2461206
1.452752
-0.2123656
0.5971767
1.416609
-0.2014403
0.7050434
1.402592
-0.3501455
0.4737641
1.422872
-0.4122149
0.2845364
1.423286
-0.218678
0.3420625
1.313232
-0.1856698
0.3566557
1.304081
-0.04364685
0.486196
1.468345
0.01537959
0.2979353
1.469514
-0.1534844
0.3354771
1.318139
-0.1981949
0.3548521
1.298987
0.09893163
-0.04429894
1.499985
-0.03592176
-0.3687213
1.519248
-0.157879
-0.6610003
1.553554
-0.2096401
-0.7123343
1.404306
0.2395409
-0.03940602
1.421582
0.3387044
-0.29129
1.473674
0.5244903
-0.601308
1.650234
0.5123834
-0.6983526
1.629887
0.1779102
0.4544386
1.415286
0.02961241
0.3256891
1.300333
0.05793752
0.2861
1.30075
-0.007596287
0.3502355
1.31394
0.04808922
0.2939444
1.292217
0.1832128
-0.04119576
1.488674
0.1864485
0.2488174
1.451678
-0.2123656
0.5971767
1.416609
-0.2014403
0.7050434
1.402592
-0.3501455
0.4737641
1.422872
-0.4122149
0.2845364
1.423286
-0.218678
0.3420625
1.313232
-0.1856698
0.3566557
1.304081
-0.04364685
0.486196
1.468345
0.01537959
0.2979353
1.469514
-0.1534844
0.3354771
1.318139
-0.1981949
0.3548521
1.298987
0.1094628
-0.04377172
1.492361
-0.03000842
-0.365017
1.518749
-0.157879
-0.6610003
1.553554
-0.2096401
-0.7123343
1.404306
0.2491778
-0.03684356
1.418568
0.3455941
-0.2900747
1.474972
0.5244903
-0.601308
1.650234
0.5123834
-0.6983526
1.629887
0.1885754
0.4578503
1.417126
0.04720088
0.3852532
1.304415
0.0100398
0.3452097
1.309652
0.005682505
0.355668
1.324099
0.04705468
0.3032471
1.306207
0.1845281
-0.04108094
1.488004
0.1881316
0.2491096
1.45171
-0.2123656
0.5971767
1.416609
-0.2014403
0.7050434
1.402592
-0.3501455
0.4737641
1.422872
-0.4122149
0.2845364
1.423286
-0.218678
0.3420625
1.313232
-0.1856698
0.3566557
1.304081
-0.04364685
0.486196
1.468345
0.01537959
0.2979353
1.469514
-0.1534844
0.3354771
1.318139
-0.1981949
0.3548521
1.298987
0.1108681
-0.04388774
1.49147
-0.02925216
-0.3646879
1.518728
-0.157879
-0.6610003
1.553554
-0.2096401
-0.7123343
1.404306
0.2503192
-0.03652499
1.418147
0.3474606
-0.2898294
1.475519
0.5244903
-0.601308
1.650234
0.5123834
-0.6983526
1.629887
0.1905025
0.4582548
1.417779
0.04911391
0.3843526
1.304505
0.01153571
0.344196
1.310257
0.009197281
0.3542526
1.330477
0.04541583
0.3052495
1.312
0.1874152
-0.04065781
1.485898
0.191262
0.2498172
1.451052
-0.2123656
0.5971767
1.416609
-0.2014403
0.7050434
1.402592
-0.3501455
0.4737641
1.422872
-0.4122149
0.2845364
1.423286
-0.218678
0.3420625
1.313232
-0.1856698
0.3566557
1.304081
-0.04364685
0.486196
1.468345
0.01537959
0.2979353
1.469514
-0.1534844
0.3354771
1.318139
-0.1981949
0.3548521
1.298987
0.1132369
-0.04385862
1.489378
-0.02748169
-0.3640121
1.518587
-0.157879
-0.6610003
1.553554
-0.2096401
-0.7123343
1.404306
0.2535531
-0.03566251
1.416154
0.3502125
-0.289119
1.475927
0.5244903
-0.601308
1.650234
0.5123834
-0.6983526
1.629887
0.1936939
0.4591001
1.418082
0.07615903
0.3388667
1.297246
0.08716185
0.3141521
1.285467
0.008189403
0.3564416
1.32351
0.05143512
0.3018567
1.306486
0.1890972
-0.04061693
1.484402
0.1930946
0.2500909
1.450328
-0.2123656
0.5971767
1.416609
-0.2014403
0.7050434
1.402592
-0.3501455
0.4737641
1.422872
-0.4122149
0.2845364
1.423286
-0.218678
0.3420625
1.313232
-0.1856698
0.3566557
1.304081
-0.04364685
0.486196
1.468345
0.01537959
0.2979353
1.469514
-0.1534844
0.3354771
1.318139
-0.1981949
0.3548521
1.298987
0.1147208
-0.04392625
1.487841
-0.02636415
-0.3636595
1.518317
-0.157879
-0.6610003
1.553554
-0.2096401
-0.7123343
1.404306
0.255298
-0.03551422
1.414772
0.3520896
-0.2884787
1.47615
0.5244903
-0.601308
1.650234
0.5123834
-0.6983526
1.629887
0.1954851
0.459473
1.417857
0.07563043
0.3377346
1.295729
0.07646796
0.3081576
1.28276
0.009247486
0.3588573
1.327381
0.02683669
0.3178805
1.302286
0.1896349
-0.04082014
1.483718
0.1939181
0.2500655
1.449608
-0.2123656
0.5971767
1.416609
-0.2014403
0.7050434
1.402592
-0.3501455
0.4737641
1.422872
-0.4122149
0.2845364
1.423286
-0.218678
0.3420625
1.313232
-0.1856698
0.3566557
1.304081
-0.04364685
0.486196
1.468345
0.01537959
0.2979353
1.469514
-0.1534844
0.3354771
1.318139
-0.1981949
0.3548521
1.298987
0.1150488
-0.04403419
1.487303
-0.026096
-0.3636504
1.518193
-0.157879
-0.6610003
1.553554
-0.2096401
-0.7123343
1.404306
0.2560395
-0.0358201
1.413948
0.3534967
-0.2879613
1.476429
0.5244903
-0.601308
1.650234
0.5123834
-0.6983526
1.629887
0.1963706
0.4595546
1.417139
0.1196452
0.265415
1.24788
0.1133482
0.2551312
1.234
0.005546262
0.3617937
1.330688
0.03263269
0.3126407
1.312727