-0.6561852
1.547666
0.5094203
-0.7162889
1.504452
0.267263
0.4537837
1.313613
0.4270553
0.4145204
1.28836
0.3740071
0.3567048
1.30312
0.2756755
0.1409446
1.102256
0.2545522
0.2377719
1.0756
0.2175219
-0.0391539
1.395506
0.214385
0.268752
1.344253
-0.2123656
0.5971767
1.416609
-0.2014403
0.7050434
1.402592
-0.3501455
0.4737641
1.422872
-0.4122149
0.2845364
1.423286
-0.218678
0.3420625
1.313232
-0.1856698
0.3566557
1.304081
-0.04364685
0.486196
1.468345
0.01537959
0.2979353
1.469514
-0.1534844
0.3354771
1.318139
-0.1981949
0.3548521
1.298987
0.1675017
-0.04037215
1.338733
0.01659091
-0.3168083
1.345135
-0.1947025
-0.6422248
1.454981
-0.187801
-0.7162368
1.42148
0.2571847
-0.03613311
1.386249
0.3490001
-0.3509656
1.476597
0.4205781
-0.6625609
1.559419
0.4886573
-0.7105219
1.511092
0.2105588
0.4894837
1.298531
0.3572927
0.4300673
1.27355
0.3055467
0.3757653
1.292067
0.2127066
0.1681594
1.08607
0.2009034
0.2666203
1.057095
0.1561783
-0.03972307
1.372578
0.1597002
0.2686208
1.330413
-0.2123656
0.5971767
1.416609
-0.2014403
0.7050434
1.402592
-0.3501455
0.4737641
1.422872
-0.4122149
0.2845364
1.423286
-0.218678
0.3420625
1.313232
-0.1856698
0.3566557
1.304081
-0.04364685
0.486196
1.468345
0.01537959
0.2979353
1.469514
-0.1534844
0.3354771
1.318139
-0.1981949
0.3548521
1.298987
0.1088275
-0.04029554
1.311657
-0.04431749
-0.3092804
1.348572
-0.2097741
-0.6206255
1.452276
-0.1936105
-0.7163365
1.433476
0.195868
-0.03719997
1.367435
0.302726
-0.3401981
1.47324
0.4031691
-0.6444402
1.553762
0.4810759
-0.7068563
1.513273
0.161044
0.4896087
1.29127
0.3094458
0.4214704
1.272985
0.3185858
0.3411201
1.293562
0.1640222
0.1686505
1.088005
0.1539229
0.2586965
1.063789
0.1380276
-0.05060184
1.370565
0.1391054
0.2618586
1.32925
-0.2123656
0.5971767
1.416609
-0.2014403
0.7050434
1.402592
-0.3501455
0.4737641
1.422872
-0.4122149
0.2845364
1.423286
-0.218678
0.3420625
1.313232
-0.1856698
0.3566557
1.304081
-0.04364685
0.486196
1.468345
0.01537959
0.2979353
1.469514
-0.1534844
0.3354771
1.318139
-0.1981949
0.3548521
1.298987
0.08985213
-0.05203483
1.289352
-0.05852249
-0.307794
1.348209
-0.2154173
-0.6149684
1.451376
-0.1935782
-0.7171835
1.432499
0.1774112
-0.04834714
1.388115
0.3011859
-0.3527148
1.476335
0.4036484
-0.6547753
1.561036
0.477676
-0.7060876
1.515084
0.1376827
0.4856161
1.290897
0.2937246
0.4233985
1.268378
0.3004756
0.34026
1.301274
0.1389874
0.1722816
1.089364
0.1313726
0.2532753
1.069889
0.1380176
-0.05144038
1.37657
0.1362334
0.2606974
1.331851
-0.2123656
0.5971767
1.416609
-0.2014403
0.7050434
1.402592
-0.3501455
0.4737641
1.422872
-0.4122149
0.2845364
1.423286
-0.218678
0.3420625
1.313232
-0.1856698
0.3566557
1.304081
-0.04364685
0.486196
1.468345
0.01537959
0.2979353
1.469514
-0.1534844
0.3354771
1.318139
-0.1981949
0.3548521
1.298987
0.08929589
-0.05252928
1.291685
-0.05018042
-0.3078733
1.347304
-0.2145228
-0.6214504
1.453298
-0.1945427
-0.7191172
1.435395
0.1793175
-0.04847468
1.397676
0.3196797
-0.3500971
1.474549
0.4033454
-0.6578708
1.559693
0.4751119
-0.704761
1.51487
0.1333365
0.484495
1.291966
0.3015408
0.4185619
1.259128
0.3040178
0.3410237
1.302937
0.141377
0.1650922
1.090662
0.1276298
0.2543105
1.066488
0.1550367
-0.05091362
1.382392
0.1491382
0.2548572
1.336172
-0.2123656
0.5971767
1.416609
-0.2014403
0.7050434
1.402592
-0.3501455
0.4737641
1.422872
-0.4122149
0.2845364
1.423286
-0.218678
0.3420625
1.313232
-0.1856698
0.3566557
1.304081
-0.04364685
0.486196
1.468345
0.01537959
0.2979353
1.469514
-0.1534844
0.3354771
1.318139
-0.1981949
0.3548521
1.298987
0.1048512
-0.04954188
1.309648
0.006776687
-0.3323697
1.337886
-0.1963485
-0.6330661
1.448724
-0.193351
-0.7203802
1.433339
0.1988629
-0.04847266
1.390055
0.3422675
-0.3479347
1.467885
0.4046332
-0.6595876
1.556989
0.4773356
-0.7052517
1.511951
0.1446042
0.474259
1.294797
0.3261715
0.3996163
1.259181
0.3296399
0.3291821
1.291818
0.1558103
0.1458099
1.092871
0.1364354
0.2447666
1.068947
0.2013601
-0.08862908
1.410739
0.1879462
0.2077079
1.356376
-0.2123656
0.5971767
1.416609
-0.2014403
0.7050434
1.402592
-0.3501455
0.4737641
1.422872
-0.4122149
0.2845364
1.423286
-0.218678
0.3420625
1.313232
-0.1856698
0.3566557
1.304081
-0.04364685
0.486196
1.468345
0.01537959
0.2979353
1.469514
-0.1534844
0.3354771
1.318139
-0.1981949
0.3548521
1.298987
0.1509005
-0.08998741
1.346623
0.07745162
-0.3532683
1.319481
-0.1657917
-0.6563961
1.445351
-0.09022606
-0.6940577
1.364074
0.2424588
-0.08367331
1.410778
0.3962868
-0.3603485
1.459252
0.4339168
-0.6746578
1.552439
0.4923987
-0.7156342
1.506115
0.1770867
0.4199606
1.308468
0.347424
0.3543683
1.274096
0.2936136
0.2973117
1.312333
0.2610271
0.0519752
1.352918
0.2563823
0.07456161
1.329
0.2456738
-0.1850783
1.430727
0.2222071
0.1145759
1.375694
-0.2123656
0.5971767
1.416609
-0.2014403
0.7050434
1.402592
-0.3501455
0.4737641
1.422872
-0.4122149
0.2845364
1.423286
-0.218678
0.3420625
1.313232
-0.1856698
0.3566557
1.304081
-0.04364685
0.486196
1.468345
0.01537959
0.2979353
1.469514
-0.1534844
0.3354771
1.318139
-0.1981949
0.3548521
1.298987
0.1997916
-0.1915224
1.361838
0.1322795
-0.4431489
1.326127
-0.1751779
-0.6833922
1.46264
-0.1897999
-0.753163
1.415866
0.2849929
-0.1815015
1.43341
0.437737
-0.3812157
1.444656
0.4467446
-0.6909884
1.556051
0.5118291
-0.7203815
1.506273
0.20378
0.331227
1.32634
0.3791475
0.2685903
1.297135
0.3256105
0.2129456
1.333647
0.2297254
-0.01354321
1.123408
0.2058492
0.08067679
1.100278
0.2741064
-0.2736444
1.42458
0.2483512
0.03048609
1.381127
-0.2123656
0.5971767
1.416609
-0.2014403
0.7050434
1.402592
-0.3501455
0.4737641
1.422872
-0.4122149
0.2845364
1.423286
-0.218678
0.3420625
1.313232
-0.1856698
0.3566557
1.304081
-0.04364685
0.486196
1.468345
0.01537959
0.2979353
1.469514
-0.1534844
0.3354771
1.318139
-0.1981949
0.3548521
1.298987
0.2267194
-0.2787182
1.347887
0.1586067
-0.5394924
1.357814
-0.1683492
-0.6837869
1.462517
-0.1720531
-0.7459961
1.391024
0.3094112
-0.2634158
1.432323
0.4923685
-0.4304329
1.441961
0.4715181
-0.7343571
1.565816
0.534207
-0.7172565
1.487439
0.2282626
0.2505777
1.340264
0.4024636
0.1893976
1.313196
0.3491414
0.1306958
1.351375
0.307358
-0.05894352
1.119197
0.3152768
-0.002853638
1.122706
0.2603428
-0.3371888
1.416882
0.2500837
-0.02971244
1.382096
-0.2123656
0.5971767
1.416609
-0.2014403
0.7050434
1.402592
-0.3501455
0.4737641
1.422872
-0.4122149
0.2845364
1.423286
-0.218678
0.3420625
1.313232
-0.1856698
0.3566557
1.304081
-0.04364685
0.486196
1.468345
0.01537959
0.2979353
1.469514
-0.1534844
0.3354771
1.318139
-0.1981949
0.3548521
1.298987
0.211049
-0.3364193
1.328903
0.1674443
-0.6112192
1.373077
-0.164105
-0.6820619
1.456614
-0.1534762
-0.7406206
1.379233
0.2978511
-0.3234513
1.441557
0.5124595
-0.4505059
1.43991
0.4744017
-0.7531052
1.563461
0.5272725
-0.7071506
1.48266
0.2402704
0.1936119
1.346947
0.419027
0.1212405
1.327272
0.3581079
0.07057339
1.359316
0.2733136
-0.1860685
1.263809
0.2698348
-0.163115
1.222667
0.2582792
-0.3609608
1.421519
0.2498183
-0.05323131
1.386834
-0.2123656
0.5971767
1.416609
-0.2014403
0.7050434
1.402592
-0.3501455
0.4737641
1.422872
-0.4122149
0.2845364
1.423286
-0.218678
0.3420625
1.313232
-0.1856698
0.3566557
1.304081
-0.04364685
0.486196
1.468345
0.01537959
0.2979353
1.469514
-0.1534844
0.3354771
1.318139
-0.1981949
0.3548521
1.298987
0.2084094
-0.3580839
1.337956
0.163508
-0.6348003
1.374034
-0.1591557
-0.679585
1.455643
-0.1525274
-0.7399274
1.380515
0.2962438
-0.348988
1.443457
0.5212584
-0.4566621
1.442245
0.4814169
-0.7567766
1.570645
0.5244886
-0.7078787
1.481924
0.2417897
0.1707497
1.351918
0.4127434
0.1089853
1.346769
0.3574167
0.05114903
1.366467
0.1879559
-0.142045
1.242215
0.1782048
-0.0973279
1.230429
0.2497682
-0.3509883
1.422681
0.2408596
-0.04391262
1.389243
-0.2123656
0.5971767
1.416609
-0.2014403
0.7050434
1.402592
-0.3501455
0.4737641
1.422872
-0.4122149
0.2845364
1.423286
-0.218678
0.3420625
1.313232
-0.1856698
0.3566557
1.304081
-0.04364685
0.486196
1.468345
0.01537959
0.2979353
1.469514
-0.1534844
0.3354771
1.318139
-0.1981949
0.3548521
1.298987
0.1993392
-0.3446691
1.347481
0.1712865
-0.6233672
1.368231
-0.1529112
-0.6803322
1.452778
-0.1504215
-0.7404245
1.377195
0.2875272
-0.3400755
1.435771
0.508576
-0.4530106
1.442531
0.4720214
-0.7538462
1.570133
0.5233425
-0.7102454
1.48615
0.2323641
0.179697
1.355191
0.4051406
0.1382445
1.363714
0.3502705
0.07153292
1.372077
0.1890163
-0.117946
1.247678
0.2011788
-0.1297544
1.244379
0.2270668
-0.2996655
1.419051
0.2201307
0.00554667
1.386798
-0.2123656
0.5971767
1.416609
-0.2014403
0.7050434
1.402592
-0.3501455
0.4737641
1.422872
-0.4122149
0.2845364
1.423286
-0.218678
0.3420625
1.313232
-0.1856698
0.3566557
1.304081
-0.04364685
0.486196
1.468345
0.01537959
0.2979353
1.469514
-0.1534844
0.3354771
1.318139
-0.1981949
0.3548521
1.298987
0.1796001
-0.2909611
1.342563
0.1542315
-0.5662078
1.356954
-0.1649306
-0.6835757
1.453077
-0.1623895
-0.7470816
1.383554
0.262157
-0.2922071
1.429461
0.4755937
-0.4300072
1.436494
0.4564483
-0.7319897
1.564621
0.5232394
-0.717339
1.492025
0.2134137
0.2271396
1.353883
0.3956666
0.1881559
1.368425
0.3460373
0.1090809
1.386143
0.1682153
-0.04668294
1.242261
0.1880841
-0.07073915
1.231
0.2281672
-0.1868644
1.430674
0.2033319
0.1171855
1.384645
-0.2123656
0.5971767
1.416609
-0.2014403
0.7050434
1.402592
-0.3501455
0.4737641
1.422872
-0.4122149
0.2845364
1.423286
-0.218678
0.3420625
1.313232
-0.1856698
0.3566557
1.304081
-0.04364685
0.486196
1.468345
0.01537959
0.2979353
1.469514
-0.1534844
0.3354771
1.318139
-0.1981949
0.3548521
1.298987
0.1828642
-0.1853867
1.35928
0.1282093
-0.4397606
1.327304
-0.1757729
-0.6879204
1.458445
-0.1779385
-0.7538925
1.394591
0.2634318
-0.1796284
1.43733
0.4430517
-0.4016571
1.443109
0.452044
-0.7094111
1.558833
0.5226005
-0.720769
1.502275
0.1849574
0.3373008
1.342863
0.3632346
0.2962726
1.35281
0.2986208
0.2266373
1.345
0.1436523
0.04822955
1.228349
0.2423175
0.1589795
1.175737
0.1768511
-0.1058824
1.394359
0.1725149
0.1963309
1.361025
-0.2123656
0.5971767
1.416609
-0.2014403
0.7050434
1.402592
-0.3501455
0.4737641
1.422872
-0.4122149
0.2845364
1.423286
-0.218678
0.3420625
1.313232
-0.1856698
0.3566557
1.304081
-0.04364685
0.486196
1.468345
0.01537959
0.2979353
1.469514
-0.1534844
0.3354771
1.318139
-0.1981949
0.3548521
1.298987
0.1265749
-0.1019532
1.335995
0.08646985
-0.3616124
1.321849
-0.1666602
-0.6657741
1.444543
-0.1873209
-0.7358407
1.421112
0.2188211
-0.1041751
1.387146
0.40892
-0.3780529
1.453596
0.4412725
-0.6896276
1.555624
0.5048358
-0.7193661
1.501452
0.1668857
0.4128752
1.327377
0.3466631
0.3565367
1.328876
0.2826147
0.2892589
1.32976
0.1434293
0.102398
1.227148
0.1420241
0.1013948
1.215125
0.161513
-0.07287309
1.383612
0.1602661
0.2359606
1.349695
-0.2123656
0.5971767
1.416609
-0.2014403
0.7050434
1.402592
-0.3501455
0.4737641
1.422872
-0.4122149
0.2845364
1.423286
-0.218678
0.3420625
1.313232
-0.1856698
0.3566557
1.304081
-0.04364685
0.486196
1.468345
0.01537959
0.2979353
1.469514
-0.1534844
0.3354771
1.318139
-0.1981949
0.3548521
1.298987
0.1115901
-0.0682143
1.324852
0.02807068
-0.3507967
1.335015
-0.1785584
-0.6351808
1.439977
-0.1817382
-0.7187946
1.419045
0.2036491
-0.07369725
1.376215
0.3599494
-0.3591962
1.467864
0.4231302
-0.6718568
1.552947
0.4885041
-0.7102972
1.506544
0.1584397
0.4579497
1.316769
0.3333589
0.3891527
1.308109
0.2720632
0.3392783
1.321417
0.09349546
0.2968086
1.331437
0.09347047
0.2940041
1.320024
0.1491205
-0.05013992
1.385268
0.1514294
0.2565213
1.34757
-0.2123656
0.5971767
1.416609
-0.2014403
0.7050434
1.402592
-0.3501455
0.4737641
1.422872
-0.4122149
0.2845364
1.423286
-0.218678
0.3420625
1.313232
-0.1856698
0.3566557
1.304081
-0.04364685
0.486196
1.468345
0.01537959
0.2979353
1.469514
-0.1534844
0.3354771
1.318139
-0.1981949
0.3548521
1.298987
0.1021114
-0.04970711
1.325515
-0.02110659
-0.3390996
1.354891
-0.2053619
-0.6363603
1.451407
-0.1939606
-0.720526
1.430422
0.1885356
-0.0475895
1.378739
0.3130417
-0.346727
1.477334
0.4122446
-0.6523576
1.554408
0.4787802
-0.7056496
1.511095
0.1519103
0.4768436
1.312274
0.3262195
0.4026748
1.301395
0.2623849
0.3545543
1.320077
0.176079
0.4757743
1.290304
0.1796697
0.4198619
1.245429
0.1389126
-0.03841344
1.390457
0.1448176
0.264226
1.348533
-0.2123656
0.5971767
1.416609
-0.2014403
0.7050434
1.402592
-0.3501455
0.4737641
1.422872
-0.4122149
0.2845364
1.423286
-0.218678
0.3420625
1.313232
-0.1856698
0.3566557
1.304081
-0.04364685
0.486196
1.468345
0.01537959
0.2979353
1.469514
-0.1534844
0.3354771
1.318139
-0.1981949
0.3548521
1.298987
0.09350861
-0.04119023
1.332644
-0.05847658
-0.3183359
1.362387
-0.2181353
-0.6203393
1.451908
-0.196324
-0.7189784
1.430847
0.1772512
-0.03322682
1.382002
0.288152
-0.3379067
1.48192
0.4058203
-0.6393353
1.55105
0.4765459
-0.7057151
1.513755
0.1477657
0.4819664
1.311088
0.3205015
0.4060106
1.302038
0.25955
0.3561546
1.321141
0.1664565
0.4819219
1.283455
0.1741703
0.4113494
1.2388
0.142792
-0.03386836
1.407786
0.1444127
0.2662865
1.353792
-0.2123656
0.5971767
1.416609
-0.2014403
0.7050434
1.402592
-0.3501455
0.4737641
1.422872
-0.4122149
0.2845364
1.423286
-0.218678
0.3420625
1.313232
-0.1856698
0.3566557
1.304081
-0.04364685
0.486196
1.468345
0.01537959
0.2979353
1.469514
-0.1534844
0.3354771
1.318139
-0.1981949
0.3548521
1.298987
0.09775014
-0.03850538
1.35253
-0.06764123
-0.3073258
1.361356
-0.2236358
-0.6079728
1.448208
-0.1989428
-0.7112778
1.428837
0.1809761
-0.02762544
1.397225
0.2770446
-0.3207489
1.481925
0.4053082
-0.6482844
1.560724
0.476005
-0.7068026
1.516305
0.1464932
0.4826147
1.311001
0.3185869
0.3979851
1.301946
0.2556718
0.3531079
1.323889
0.1605087
0.4804915
1.282185
0.1706529
0.4156964
1.244473
0.1443699
-0.03239761
1.41364
0.1442273
0.2677575
1.357985
-0.2123656
0.5971767
1.416609
-0.2014403
0.7050434
1.402592
-0.3501455
0.4737641
1.422872
-0.4122149
0.2845364
1.423286
-0.218678
0.3420625
1.313232
-0.1856698
0.3566557
1.304081
-0.04364685
0.486196
1.468345
0.01537959
0.2979353
1.469514
-0.1534844
0.3354771
1.318139
-0.1981949
0.3548521
1.298987
0.09983312
-0.03727517
1.360317
-0.06932718
-0.3002911
1.358854
-0.2245717
-0.6042351
1.446271
-0.2002025
-0.7075568
1.427923
0.1821021
-0.02608888
1.401186
0.2745686
-0.3423946
1.489843
0.4037082
-0.6401691
1.554937
0.4767045
-0.7074413
1.516644
0.1448277
0.4834934
1.311736
0.330897
0.3826224
1.295614
0.3090954
0.3167678
1.301242
0.1575166
0.4835767
1.281389
0.1702937
0.412898
1.243042
0.1437291
-0.03207321
1.411616
0.1441228
0.2680154
1.358017
-0.2123656
0.5971767
1.416609
-0.2014403
0.7050434
1.402592
-0.3501455
0.4737641
1.422872
-0.4122149
0.2845364
1.423286
-0.218678
0.3420625
1.313232
-0.1856698
0.3566557
1.304081
-0.04364685
0.486196
1.468345
0.01537959
0.2979353
1.469514
-0.1534844
0.3354771
1.318139
-0.1981949
0.3548521
1.298987
0.09837862
-0.03631801
1.356801
-0.06705223
-0.2960878
1.356387
-0.225122
-0.6047463
1.44631
-0.2004245
-0.7080343
1.427663
0.1820399
-0.02617506
1.400112
0.3003848
-0.3363278
1.481552
0.4070815
-0.649438
1.560723
0.4753918
-0.7069528
1.517332
0.1443866
0.483767
1.311854
0.324495
0.3988629
1.300867
0.2613233
0.3546526
1.320853
0.1653873
0.4843608
1.281905
0.1734032
0.4309929
1.252333
0.1534178
-0.04134339
1.403279
0.1538113
0.2621795
1.355428
-0.2123656
0.5971767
1.416609
-0.2014403
0.7050434
1.402592
-0.3501455
0.4737641
1.422872
-0.4122149
0.2845364
1.423286
-0.218678
0.3420625
1.313232
-0.1856698
0.3566557
1.304081
-0.04364685
0.486196
1.468345
0.01537959
0.2979353
1.469514
-0.1534844
0.3354771
1.318139
-0.1981949
0.3548521
1.298987
0.1057529
-0.04287919
1.346349
0.0004149502
-0.3245582
1.342162
-0.212355
-0.6367739
1.449275
-0.1973059
-0.7187102
1.425849
0.193864
-0.03799461
1.393983
0.3419112
-0.3369989
1.4682
0.404661
-0.6499701
1.553434
0.4770286
-0.7062272
1.513572
0.1536877
0.4797361
1.312048
0.3396924
0.394707
1.307999
0.2805634
0.3394642
1.326182
0.1627614
0.4729097
1.25495
0.1597692
0.4625975
1.232
0.1862996
-0.07578142
1.400671
0.1799399
0.2258216
1.356897
-0.2123656
0.5971767
1.416609
-0.2014403
0.7050434
1.402592
-0.3501455
0.4737641
1.422872
-0.4122149
0.2845364
1.423286
-0.218678
0.3420625
1.313232
-0.1856698
0.3566557
1.304081
-0.04364685
0.486196
1.468345
0.01537959
0.2979353
1.469514
-0.1534844
0.3354771
1.318139
-0.1981949
0.3548521
1.298987
0.137488
-0.07626495
1.343858
0.06915489
-0.3376913
1.319788
-0.1701092
-0.6410224
1.431945
-0.1850832
-0.720862
1.418005
0.2262779
-0.07177424
1.39171
0.4005048
-0.3554713
1.462495
0.4302593
-0.6711215
1.554689
0.4878779
-0.7137357
1.509781
0.1742571
0.4422482
1.3167
0.3818774
0.3235388
1.306206
0.305673
0.310393
1.300423
0.175032
0.4342305
1.264591
0.1703451
0.4205756
1.2355
0.2147902
-0.1719646
1.403428
0.2076076
0.1333875
1.364891
-0.2123656
0.5971767
1.416609
-0.2014403
0.7050434
1.402592
-0.3501455
0.4737641
1.422872
-0.4122149
0.2845364
1.423286
-0.218678
0.3420625
1.313232
-0.1856698
0.3566557
1.304081
-0.04364685
0.486196
1.468345
0.01537959
0.2979353
1.469514
-0.1534844
0.3354771
1.318139
-0.1981949
0.3548521
1.298987
0.1644308
-0.1692717
1.344481
0.1276822
-0.4262292
1.323519
-0.1678289
-0.6746577
1.446742
-0.1954062
-0.7423758
1.4219
0.2550735
-0.1668021
1.397111
0.4456983
-0.375614
1.450722
0.4460295
-0.6885054
1.555102
0.5094491
-0.7196007
1.503125
0.2014746
0.3527107
1.328063
0.3999224
0.2673947
1.314332
0.3428229
0.2168268
1.3545
0.04014023
0.2595364
1.243009
0.1564645
0.2567632
1.150729
0.231536
-0.2349219
1.408935
0.2281887
0.06490151
1.372886
-0.2123656
0.5971767
1.416609
-0.2014403
0.7050434
1.402592
-0.3501455
0.4737641
1.422872
-0.4122149
0.2845364
1.423286
-0.218678
0.3420625
1.313232
-0.1856698
0.3566557
1.304081
-0.04364685
0.486196
1.468345
0.01537959
0.2979353
1.469514
-0.1534844
0.3354771
1.318139
-0.1981949
0.3548521
1.298987
0.1807113
-0.2296899
1.349725
0.1639487
-0.505634
1.342813
-0.169295
-0.6841605
1.452986
-0.1955341
-0.7497838
1.403386
0.2716005
-0.2294147
1.4034
0.4726194
-0.4050516
1.445855
0.4514996
-0.7129543
1.561119
0.5203466
-0.7195804
1.49707
0.2242557
0.2817127
1.337648
0.4202566
0.2061996
1.328789
0.3638494
0.1573222
1.352684
0.06680372
0.1898042
1.252592
0.1796521
0.1904845
1.16372
0.2899892
-0.3194174
1.430531
0.26926
-0.01191318
1.387632
-0.2123656
0.5971767
1.416609
-0.2014403
0.7050434
1.402592
-0.3501455
0.4737641
1.422872
-0.4122149
0.2845364
1.423286
-0.218678
0.3420625
1.313232
-0.1856698
0.3566557
1.304081
-0.04364685
0.486196
1.468345
0.01537959
0.2979353
1.469514
-0.1534844
0.3354771
1.318139
-0.1981949
0.3548521
1.298987
0.2418762
-0.3213713
1.380142
0.1783786
-0.5702034
1.352356
-0.1680568
-0.6779588
1.45252
-0.1653237
-0.7439762
1.388008
0.3245149
-0.3052669
1.416326
0.5219281
-0.4436779
1.448496
0.4642295
-0.7449623
1.569235
0.5249331
-0.711707
1.4917
0.2532983
0.2080095
1.346897
0.4423126
0.1341901
1.339953
0.3862667
0.08179821
1.359
0.08668748
0.125389
1.291329
0.1456705
0.1587903
1.252727
0.2770789
-0.3631054
1.41791
0.2722759
-0.05442612
1.384227
-0.2123656
0.5971767
1.416609
-0.2014403
0.7050434
1.402592
-0.3501455
0.4737641
1.422872
-0.4122149
0.2845364
1.423286
-0.218678
0.3420625
1.313232
-0.1856698
0.3566557
1.304081
-0.04364685
0.486196
1.468345
0.01537959
0.2979353
1.469514
-0.1534844
0.3354771
1.318139
-0.1981949
0.3548521
1.298987
0.2243266
-0.3625574
1.363744
0.1710309
-0.6107563
1.350937
-0.1466953
-0.672161
1.448347
-0.162412
-0.7377857
1.387964
0.317251
-0.3476485
1.408713
0.5362306
-0.4470488
1.443842
0.4691719
-0.7442746
1.569695
0.5261545
-0.7108284
1.487514
0.2668145
0.1695834
1.350027
0.4642048
0.07409041
1.337059
0.3980671
0.04443134
1.336867
0.162281
-0.2271327
1.294473
0.1391175
-0.1280689
1.286279
0.278382
-0.3675679
1.416844
0.2752483
-0.06089227
1.384435
-0.2123656
0.5971767
1.416609
-0.2014403
0.7050434
1.402592
-0.3501455
0.4737641
1.422872
-0.4122149
0.2845364
1.423286
-0.218678
0.3420625
1.313232
-0.1856698
0.3566557
1.304081
-0.04364685
0.486196
1.468345
0.01537959
0.2979353
1.469514
-0.1534844
0.3354771
1.318139
-0.1981949
0.3548521
1.298987
0.2266529
-0.3648458
1.361482
0.1766145
-0.6138285
1.346025
-0.1401022
-0.6704147
1.445881
-0.1574037
-0.7369055
1.388767
0.3180476
-0.3547688
1.408922
0.5393581
-0.4514942
1.440565
0.4665251
-0.7461324
1.569215
0.5239429
-0.711563
1.487934
0.271213
0.1620053
1.35145
0.4655276
0.07770123
1.340056
0.3998382
0.03489503
1.3407
0.4505674
0.1066911
1.367171
0.4651107
0.06035084
1.31881
0.2888128
-0.3109692
1.426428
0.2762943
-0.02191121
1.387465
-0.2123656
0.5971767
1.416609
-0.2014403
0.7050434
1.402592
-0.3501455
0.4737641
1.422872
-0.4122149
0.2845364
1.423286
-0.218678
0.3420625
1.313232
-0.1856698
0.3566557
1.304081
-0.04364685
0.486196
1.468345
0.01537959
0.2979353
1.469514
-0.1534844
0.3354771
1.318139
-0.1981949
0.3548521
1.298987
0.2392243
-0.3082037
1.373291
0.1813712
-0.583507
1.345693
-0.1497466
-0.6710768
1.447015
-0.1567899
-0.7388757
1.388283
0.325482
-0.299225
1.415935
0.523075
-0.443644
1.434647
0.4539044
-0.7389912
1.563504
0.5219852
-0.7161365
1.494205
0.2656092
0.1896665
1.349951
0.4594597
0.1030981
1.333853
0.390186
0.05478495
1.295045
0.4405484
0.1437121
1.372508
0.4475728
0.1039714
1.306154
0.2692136
-0.2375222
1.439368
0.2486865
0.06211587
1.389927
-0.2123656
0.5971767
1.416609
-0.2014403
0.7050434
1.402592
-0.3501455
0.4737641
1.422872
-0.4122149
0.2845364
1.423286
-0.218678
0.3420625
1.313232
-0.1856698
0.3566557
1.304081
-0.04364685
0.486196
1.468345
0.01537959
0.2979353
1.469514
-0.1534844
0.3354771
1.318139
-0.1981949
0.3548521
1.298987
0.2239483
-0.240921
1.384776
0.1672562
-0.4926476
1.323675
-0.17456
-0.6858708
1.450566
-0.1795253
-0.7522838
1.388428
0.3022846
-0.2234656
1.429501
0.4827888
-0.4177848
1.437208
0.4569988
-0.7226699
1.558552
0.5267103
-0.7196555
1.492766
0.2320158
0.2795565
1.344461
0.4145146
0.2142119
1.344141
0.3614236
0.1706775
1.304885
0.406483
0.2345619
1.370741
0.415628
0.17968
1.300399
0.2434639
-0.1639039
1.435055
0.2218201
0.1400323
1.383178
-0.2123656
0.5971767
1.416609
-0.2014403
0.7050434
1.402592
-0.3501455
0.4737641
1.422872
-0.4122149
0.2845364
1.423286
-0.218678
0.3420625
1.313232
-0.1856698
0.3566557
1.304081
-0.04364685
0.486196
1.468345
0.01537959
0.2979353
1.469514
-0.1534844
0.3354771
1.318139
-0.1981949
0.3548521
1.298987
0.1949772
-0.1667789
1.376926
0.1280429
-0.4186179
1.320062
-0.1724792
-0.6822297
1.449344
-0.1923132
-0.751152
1.405443
0.2805158
-0.1531455
1.427584
0.4501621
-0.3865622
1.441683
0.4550597
-0.697349
1.55086
0.5214373
-0.7232177
1.499863
0.2046352
0.3596385
1.336304
0.3789487
0.2687395
1.30182
0.3309781
0.2305855
1.272429
0.3830959
0.3069385
1.354419
0.3804768
0.2500529
1.283261
0.1697139
-0.0729662
1.375108
0.1749078
0.2259126
1.350354
-0.2123656
0.5971767
1.416609
-0.2014403
0.7050434
1.402592
-0.3501455
0.4737641
1.422872
-0.4122149
0.2845364
1.423286
-0.218678
0.3420625
1.313232
-0.1856698
0.3566557
1.304081
-0.04364685
0.486196
1.468345
0.01537959
0.2979353
1.469514
-0.1534844
0.3354771
1.318139
-0.1981949
0.3548521
1.298987
0.1231663
-0.07089822
1.321664
0.08342867
-0.344495
1.319986
-0.1799839
-0.6678211
1.44732
-0.1898443
-0.7404048
1.417874
0.2080381
-0.07154114
1.362689
0.3914005
-0.3452998
1.443203
0.4246024
-0.6585959
1.541273
0.4954865
-0.7128038
1.505483
0.1762741
0.4364092
1.322337
0.3448089
0.3665841
1.33016
0.2910554
0.319417
1.309947
0.3445589
0.3689102
1.333359
0.3461961
0.3568651
1.295
0.154778
-0.0517993
1.375435
0.154594
0.2590235
1.345631
-0.2123656
0.5971767
1.416609
-0.2014403
0.7050434
1.402592
-0.3501455
0.4737641
1.422872
-0.4122149
0.2845364
1.423286
-0.218678
0.3420625
1.313232
-0.1856698
0.3566557
1.304081
-0.04364685
0.486196
1.468345
0.01537959
0.2979353
1.469514
-0.1534844
0.3354771
1.318139
-0.1981949
0.3548521
1.298987
0.1063407
-0.04758332
1.315339
-0.01479408
-0.3415826
1.349913
-0.2067795
-0.6423972
1.448411
-0.193845
-0.7180395
1.420206
0.1953744
-0.05296718
1.369356
0.3257084
-0.3471213
1.4721
0.4140543
-0.65466
1.553854
0.4822564
-0.706915
1.510264
0.153442
0.4819464
1.315645
0.3065792
0.4100823
1.317822
0.2597103
0.3704277
1.280793
0.3073929
0.4120618
1.321319
0.3026432
0.4080682
1.3085
0.1293586
-0.03284573
1.377538
0.1334758
0.2721738
1.346256
-0.2123656
0.5971767
1.416609
-0.2014403
0.7050434
1.402592
-0.3501455
0.4737641
1.422872
-0.4122149
0.2845364
1.423286
-0.218678
0.3420625
1.313232
-0.1856698
0.3566557
1.304081
-0.04364685
0.486196
1.468345
0.01537959
0.2979353
1.469514
-0.1534844
0.3354771
1.318139
-0.1981949
0.3548521
1.298987
0.08635435
-0.03510117
1.318832
-0.06456698
-0.329034
1.358025
-0.223702
-0.6245201
1.448307
-0.2022163
-0.7195889
1.427642
0.1653818
-0.02797476
1.369317
0.277117
-0.328705
1.477135
0.4019596
-0.6282588
1.542972
0.4694254
-0.6666777
1.465415
0.135295
0.4912243
1.315635
0.2868922
0.4125318
1.304906
0.2411032
0.3723988
1.274608
0.2663276
-0.1140292
1.35128
0.1957637
-0.04132602
1.285667
0.1232835
-0.02831943
1.388088
0.1238656
0.2741325
1.352068
-0.2123656
0.5971767
1.416609
-0.2014403
0.7050434
1.402592
-0.3501455
0.4737641
1.422872
-0.4122149
0.2845364
1.423286
-0.218678
0.3420625
1.313232
-0.1856698
0.3566557
1.304081
-0.04364685
0.486196
1.468345
0.01537959
0.2979353
1.469514
-0.1534844
0.3354771
1.318139
-0.1981949
0.3548521
1.298987
0.08009198
-0.03163511
1.331477
-0.075875
-0.3216715
1.357654
-0.2289966
-0.6153308
1.446259
-0.2038752
-0.7182575
1.428658
0.1602142
-0.02335772
1.37844
0.2662867
-0.3283695
1.482392
0.3975859
-0.6266045
1.542852
0.4650129
-0.665006
1.465053
0.1228622
0.4913282
1.318686
0.2741002
0.4175948
1.316022
0.2453832
0.3952815
1.27555
0.2753969
-0.1457633
1.367055
0.2255721
-0.07541613
1.379387
0.1244761
-0.02610377
1.398011
0.121839
0.2758463
1.357533
-0.2123656
0.5971767
1.416609
-0.2014403
0.7050434
1.402592
-0.3501455
0.4737641
1.422872
-0.4122149
0.2845364
1.423286
-0.218678
0.3420625
1.313232
-0.1856698
0.3566557
1.304081
-0.04364685
0.486196
1.468345
0.01537959
0.2979353
1.469514
-0.1534844
0.3354771
1.318139
-0.1981949
0.3548521
1.298987
0.08013275
-0.02843521
1.34237
-0.06287754
-0.3180022
1.35805
-0.2272908
-0.6227689
1.449557
-0.2045937
-0.7196557
1.429231
0.1629345
-0.02251001
1.387773
0.271887
-0.3299446
1.484424
0.3997754
-0.6292748
1.54627
0.4665872
-0.6677871
1.467712
0.1193551
0.492526
1.321122
0.2834409
0.4173725
1.309834
0.2919655
0.335283
1.317924
0.2744401
-0.1398269
1.369946
0.2224604
-0.06695767
1.380494
0.1276019
-0.02885888
1.398134
0.1254757
0.273759
1.357892
-0.2123656
0.5971767
1.416609
-0.2014403
0.7050434
1.402592
-0.3501455
0.4737641
1.422872
-0.4122149
0.2845364
1.423286
-0.218678
0.3420625
1.313232
-0.1856698
0.3566557
1.304081
-0.04364685
0.486196
1.468345
0.01537959
0.2979353
1.469514
-0.1534844
0.3354771
1.318139
-0.1981949
0.3548521
1.298987
0.08176877
-0.02985511
1.341874
-0.03538795
-0.3221228
1.354432
-0.2236871
-0.6343328
1.451828
-0.2031384
-0.7209473
1.426427
0.1678635
-0.0269788
1.38862
0.2885802
-0.3312828
1.481596
0.4012248
-0.6350401
1.549598
0.4768771
-0.7064601
1.515635
0.1234749
0.4907993
1.321237
0.2974567
0.4098046
1.306492
0.2414393
0.3529016
1.316621
0.2664992
-0.1470994
1.372858
0.2237112
-0.0706439
1.379729
0.1380099
-0.04056822
1.393739
0.1396149
0.2629286
1.35393
-0.2123656
0.5971767
1.416609
-0.2014403
0.7050434
1.402592
-0.3501455
0.4737641
1.422872
-0.4122149
0.2845364
1.423286
-0.218678
0.3420625
1.313232
-0.1856698
0.3566557
1.304081
-0.04364685
0.486196
1.468345
0.01537959
0.2979353
1.469514
-0.1534844
0.3354771
1.318139
-0.1981949
0.3548521
1.298987
0.08968978
-0.03872218
1.334776
-0.006406653
-0.341992
1.345258
-0.210621
-0.640595
1.446615
-0.2010368
-0.7203819
1.423367
0.180061
-0.04090068
1.386921
0.3206977
-0.3374459
1.475753
0.4014412
-0.6479268
1.555343
0.4770204
-0.7061634
1.513655
0.1401891
0.4806817
1.3171
0.3242301
0.3911516
1.307321
0.2580373
0.3333976
1.3154
0.2503648
-0.1328733
1.385821
0.2227584
-0.06279454
1.352857
0.1943586
-0.1037692
1.416429
0.1820732
0.1993566
1.360446
-0.2123656
0.5971767
1.416609
-0.2014403
0.7050434
1.402592
-0.3501455
0.4737641
1.422872
-0.4122149
0.2845364
1.423286
-0.218678
0.3420625
1.313232
-0.1856698
0.3566557
1.304081
-0.04364685
0.486196
1.468345
0.01537959
0.2979353
1.469514
-0.1534844
0.3354771
1.318139
-0.1981949
0.3548521
1.298987
0.1473829
-0.1070495
1.360122
0.0798078
-0.3689243
1.318187
-0.1801677
-0.6594876
1.441731
-0.1937568
-0.7311852
1.41965
0.2305104
-0.09519439
1.405442
0.3991183
-0.3633109
1.463447
0.4363089
-0.6772189
1.55786
0.4947086
-0.715688
1.505146
0.1767704
0.4167569
1.316116
0.3531707
0.3283904
1.297528
0.2955074
0.2730362
1.3219
0.101835
-0.159916
1.226323
0.09208735
-0.0800252
1.231205
0.2314048
-0.2068644
1.434345
0.2232242
0.09205702
1.376679
-0.2123656
0.5971767
1.416609
-0.2014403
0.7050434
1.402592
-0.3501455
0.4737641
1.422872
-0.4122149
0.2845364
1.423286
-0.218678
0.3420625
1.313232
-0.1856698
0.3566557
1.304081
-0.04364685
0.486196
1.468345
0.01537959
0.2979353
1.469514
-0.1534844
0.3354771
1.318139
-0.1981949
0.3548521
1.298987
0.184982
-0.2104958
1.378115
0.1383377
-0.4653311
1.326435
-0.1796339
-0.690909
1.451735
-0.2023679
-0.7585203
1.406473
0.2675847
-0.1941059
1.425721
0.4473711
-0.3934222
1.442022
0.4480658
-0.7014614
1.557928
0.5170152
-0.7192709
1.503027
0.2158074
0.3083747
1.325405
0.3973402
0.2283802
1.305015
0.3377343
0.1720704
1.338
0.1413344
-0.4527732
1.29015
0.1735035
-0.384773
1.233625
0.2709174
-0.3035107
1.435044
0.2633268
-0.01150591
1.384081
-0.2123656
0.5971767
1.416609
-0.2014403
0.7050434
1.402592
-0.3501455
0.4737641
1.422872
-0.4122149
0.2845364
1.423286
-0.218678
0.3420625
1.313232
-0.1856698
0.3566557
1.304081
-0.04364685
0.486196
1.468345
0.01537959
0.2979353
1.469514
-0.1534844
0.3354771
1.318139
-0.1981949
0.3548521
1.298987
0.2219826
-0.3070917
1.380374
0.1456969
-0.5761963
1.348493
-0.1735594
-0.6802277
1.448608
-0.1780118
-0.7472118
1.387559
0.3076245
-0.2866693
1.425784
0.5043131
-0.4381222
1.430711
0.4610337
-0.7360843
1.563012
0.5283417
-0.7159595
1.49206
0.2559988
0.2008486
1.337537
0.4328271
0.1269502
1.318492
0.3777386
0.07257269
1.341727
0.4145712
-0.3931085
1.411777
0.3516653
-0.3361403
1.399095
0.2808754
-0.3351255
1.437771
0.2756504
-0.04692945
1.38735
-0.2123656
0.5971767
1.416609
-0.2014403
0.7050434
1.402592
-0.3501455
0.4737641
1.422872
-0.4122149
0.2845364
1.423286
-0.218678
0.3420625
1.313232
-0.1856698
0.3566557
1.304081
-0.04364685
0.486196
1.468345
0.01537959
0.2979353
1.469514
-0.1534844
0.3354771
1.318139
-0.1981949
0.3548521
1.298987
0.2308263
-0.3383842
1.383781
0.1464954
-0.6061513
1.354496
-0.1669058
-0.6755378
1.449342
-0.1741497
-0.7408387
1.384798
0.318338
-0.3173426
1.428199
0.5251487
-0.4551628
1.428115
0.4735821
-0.7494714
1.565228
0.5276807
-0.7093418
1.482663
0.2700211
0.1630507
1.341132
0.4478382
0.08897614
1.333392
0.3967897
0.0520808
1.345348
0.4994006
-0.5006459
1.407681
0.4248014
-0.402396
1.3945
0.2851298
-0.3379361
1.44365
0.278723
-0.05126573
1.392253
-0.2123656
0.5971767
1.416609
-0.2014403
0.7050434
1.402592
-0.3501455
0.4737641
1.422872
-0.4122149
0.2845364
1.423286
-0.218678
0.3420625
1.313232
-0.1856698
0.3566557
1.304081
-0.04364685
0.486196
1.468345
0.01537959
0.2979353
1.469514
-0.1534844
0.3354771
1.318139
-0.1981949
0.3548521
1.298987
0.2347797
-0.3409812
1.391586
0.1562471
-0.6082114
1.351253
-0.1578419
-0.6735463
1.447198
-0.1746794
-0.7381998
1.38532
0.3228776
-0.3198728
1.432442
0.5304672
-0.4568752
1.430425
0.4743399
-0.7520893
1.564329
0.526279
-0.7074561
1.481703
0.2725083
0.1578604
1.345425
0.4444402
0.09918097
1.361519
0.3957608
0.0570843
1.350393
0.5047674
-0.5064006
1.421635
0.431994
-0.4032331
1.403947
0.2893637
-0.3038711
1.450213
0.2755854
-0.01380717
1.399655
-0.2123656
0.5971767
1.416609
-0.2014403
0.7050434
1.402592
-0.3501455
0.4737641
1.422872
-0.4122149
0.2845364
1.423286
-0.218678
0.3420625
1.313232
-0.1856698
0.3566557
1.304081
-0.04364685
0.486196
1.468345
0.01537959
0.2979353
1.469514
-0.1534844
0.3354771
1.318139
-0.1981949
0.3548521
1.298987
0.2419724
-0.3054225
1.398444
0.1761788
-0.5671661
1.34794
-0.1581514
-0.6719301
1.446568
-0.1602082
-0.738611
1.38382
0.3239973
-0.2887604
1.438141
0.5195162
-0.4441074
1.43162
0.460246
-0.7410777
1.561039
0.5261802
-0.7126546
1.489737
0.2633994
0.1976153
1.353603
0.427598
0.1422789
1.376877
0.3829621
0.08514559
1.348577
0.4669119
-0.4676639
1.43888
0.4007341
-0.3819032
1.410526
0.2660892
-0.2346808
1.44695
0.2488128
0.06609657
1.393109
-0.2123656
0.5971767
1.416609
-0.2014403
0.7050434
1.402592
-0.3501455
0.4737641
1.422872
-0.4122149
0.2845364
1.423286
-0.218678
0.3420625
1.313232
-0.1856698
0.3566557
1.304081
-0.04364685
0.486196
1.468345
0.01537959
0.2979353
1.469514
-0.1534844
0.3354771
1.318139
-0.1981949
0.3548521
1.298987
0.2201304
-0.23782
1.392898
0.1597053
-0.4887332
1.330623
-0.1742508
-0.6847944
1.447078
-0.1827091
-0.751378
1.386478
0.3000584
-0.2210571
1.436464
0.484956
-0.4081659
1.435026
0.4595166
-0.7143136
1.553801
0.5296658
-0.7218433
1.4938
0.2345762
0.2842194
1.34445
0.4271105
0.1874629
1.314446
0.3662597
0.1803108
1.298
0.5126809
-0.3301641
1.377262
0.4315018
-0.2877941
1.384923
0.2402187
-0.1538644
1.428809
0.2213301
0.1539272
1.376544
-0.2123656
0.5971767
1.416609
-0.2014403
0.7050434
1.402592
-0.3501455
0.4737641
1.422872
-0.4122149
0.2845364
1.423286
-0.218678
0.3420625
1.313232
-0.1856698
0.3566557
1.304081
-0.04364685
0.486196
1.468345
0.01537959
0.2979353
1.469514
-0.1534844
0.3354771
1.318139
-0.1981949
0.3548521
1.298987
0.1915216
-0.1566807
1.366302
0.1207674
-0.4084683
1.328932
-0.1768214
-0.6809751
1.446942
-0.2032264
-0.7489637
1.413348
0.2776121
-0.1435925
1.425803
0.4469748
-0.3834195
1.445084
0.4543055
-0.6946392
1.553029
0.5199844
-0.7218249
1.50179
0.206125
0.3760896
1.329416
0.3840108
0.3211143
1.344883
0.3271801
0.2396638
1.3665
0.2634651
-0.2283321
1.295328
0.3132029
-0.1898624
1.408898
0.1707969
-0.07759918
1.371379
0.172373
0.2334179
1.339822
-0.2123656
0.5971767
1.416609
-0.2014403
0.7050434
1.402592
-0.3501455
0.4737641
1.422872
-0.4122149
0.2845364
1.423286
-0.218678
0.3420625
1.313232
-0.1856698
0.3566557
1.304081
-0.04364685
0.486196
1.468345
0.01537959
0.2979353
1.469514
-0.1534844
0.3354771
1.318139
-0.1981949
0.3548521
1.298987
0.1205325
-0.07227996
1.307921
0.03514628
-0.3451406
1.3353
-0.1997128
-0.659246
1.441977
-0.1925169
-0.7329326
1.414986
0.2128109
-0.07898197
1.369001
0.3773139
-0.3599204
1.459354
0.4275959
-0.6729835
1.550601
0.4914963
-0.7115034
1.506951
0.1718544
0.4571916
1.307908
0.3439882
0.3861337
1.301287
0.2897957
0.3349584
1.298833
0.234952
-0.1466954
1.286374
0.2549711
-0.09875742
1.334333
0.1531396
-0.05130716
1.373602
0.1560044
0.2590479
1.337971
-0.2123656
0.5971767
1.416609
-0.2014403
0.7050434
1.402592
-0.3501455
0.4737641
1.422872
-0.4122149
0.2845364
1.423286
-0.218678
0.3420625
1.313232
-0.1856698
0.3566557
1.304081
-0.04364685
0.486196
1.468345
0.01537959
0.2979353
1.469514
-0.1534844
0.3354771
1.318139
-0.1981949
0.3548521
1.298987
0.1045035
-0.04680332
1.309693
-0.02979153
-0.3316064
1.346503
-0.2201117
-0.636977
1.440662
-0.2025067
-0.7176508
1.418468
0.1942564
-0.05319741
1.371648
0.3118533
-0.3529488
1.474355
0.4176596
-0.6565018
1.550579
0.4768498
-0.705461
1.513525
0.15688
0.4817292
1.303857
0.3286191
0.4029276
1.291176
0.2748647
0.365229
1.267781
0.1671734
-0.1593101
1.266626
0.2293788
-0.0893867
1.3374
0.1406304
-0.04533056
1.37568
0.145486
0.2625112
1.338605
-0.2123656
0.5971767
1.416609
-0.2014403
0.7050434
1.402592
-0.3501455
0.4737641
1.422872
-0.4122149
0.2845364
1.423286
-0.218678
0.3420625
1.313232
-0.1856698
0.3566557
1.304081
-0.04364685
0.486196
1.468345
0.01537959
0.2979353
1.469514
-0.1534844
0.3354771
1.318139
-0.1981949
0.3548521
1.298987
0.09266773
-0.04279119
1.312313
-0.06726258
-0.3259465
1.347189
-0.2352367
-0.6240093
1.439691
-0.2100669
-0.7192039
1.428122
0.180293
-0.04404078
1.37206
0.2906861
-0.3459706
1.477102
0.4113101
-0.6456347
1.547892
0.4777287
-0.7058737
1.511972
0.1476015
0.4837264
1.303617
0.3294185
0.3958437
1.291963
0.2635279
0.3490438
1.295352
0.1554998
-0.1610982
1.272041
0.2155721
-0.07507495
1.3463
0.135452
-0.04219849
1.376994
0.1409888
0.26378
1.339257
-0.2123656
0.5971767
1.416609
-0.2014403
0.7050434
1.402592
-0.3501455
0.4737641
1.422872
-0.4122149
0.2845364
1.423286
-0.218678
0.3420625
1.313232
-0.1856698
0.3566557
1.304081
-0.04364685
0.486196
1.468345
0.01537959
0.2979353
1.469514
-0.1534844
0.3354771
1.318139
-0.1981949
0.3548521
1.298987
0.08888109
-0.04212642
1.316004
-0.06926124
-0.3229914
1.346766
-0.2371759
-0.6198874
1.438262
-0.210363
-0.7197317
1.428276
0.1745836
-0.0393389
1.371431
0.2868111
-0.3413621
1.475331
0.4069715
-0.6411013
1.546735
0.47658
-0.7055279
1.511582
0.14381
0.4835654
1.303859
0.3317461
0.3832562
1.280794
0.264846
0.3503646
1.293727
0.2544747
-0.1765786
1.356316
0.2125426
-0.1198736
1.353667
0.1354979
-0.04174379
1.376405
0.1414897
0.2639051
1.338853
-0.2123656
0.5971767
1.416609
-0.2014403
0.7050434
1.402592
-0.3501455
0.4737641
1.422872
-0.4122149
0.2845364
1.423286
-0.218678
0.3420625
1.313232
-0.1856698
0.3566557
1.304081
-0.04364685
0.486196
1.468345
0.01537959
0.2979353
1.469514
-0.1534844
0.3354771
1.318139
-0.1981949
0.3548521
1.298987
0.08907215
-0.04214073
1.316053
-0.06370549
-0.3236691
1.346116
-0.2354421
-0.6220272
1.438488
-0.2108429
-0.7200976
1.429034
0.1747332
-0.03829965
1.369704
0.2924287
-0.3390683
1.471813
0.4071285
-0.6393145
1.548743
0.4763466
-0.7051439
1.511495
0.1448513
0.4833654
1.303461
0.3458961
0.3741407
1.274778
0.2719731
0.3481049
1.29145
0.2519842
-0.1788298
1.359682
0.2163032
-0.1138985
1.3472
0.1511
-0.0546362
1.375367
0.1563253
0.2547003
1.337685
-0.2123656
0.5971767
1.416609
-0.2014403
0.7050434
1.402592
-0.3501455
0.4737641
1.422872
-0.4122149
0.2845364
1.423286
-0.218678
0.3420625
1.313232
-0.1856698
0.3566557
1.304081
-0.04364685
0.486196
1.468345
0.01537959
0.2979353
1.469514
-0.1534844
0.3354771
1.318139
-0.1981949
0.3548521
1.298987
0.1021522
-0.05136147
1.316288
-0.01744662
-0.339123
1.337213
-0.2234439
-0.6361429
1.436054
-0.2064973
-0.7194141
1.421944
0.1928906
-0.05561451
1.368126
0.3331122
-0.3478682
1.465058
0.4061459
-0.6570079
1.554444
0.4796365
-0.7053431
1.508566
0.1594078
0.4760516
1.302202
0.3418325
0.3878018
1.281264
0.2867812
0.3336476
1.295158
0.1839295
-0.1672024
1.246945
0.1739295
-0.1446617
1.226
0.1827282
-0.1221019
1.376031
0.1872822
0.1847253
1.342325
-0.2123656
0.5971767
1.416609
-0.2014403
0.7050434
1.402592
-0.3501455
0.4737641
1.422872
-0.4122149
0.2845364
1.423286
-0.218678
0.3420625
1.313232
-0.1856698
0.3566557
1.304081
-0.04364685
0.486196
1.468345
0.01537959
0.2979353
1.469514
-0.1534844
0.3354771
1.318139
-0.1981949
0.3548521
1.298987
0.1313795
-0.1170276
1.315668
0.08844567
-0.3787698
1.3125
-0.1931461
-0.6663455
1.423386
-0.2113403
-0.7339697
1.416627
0.225225
-0.1213717
1.370756
0.4080274
-0.3798388
1.452332
0.4397932
-0.6912592
1.554897
0.5058798
-0.7159626
1.500049
0.1895149
0.4051368
1.309495
0.3738638
0.3120237
1.292366
0.3172395
0.2641537
1.310778
0.1652492
-0.1970468
1.19719
0.2055294
-0.1159492
1.186458
0.2205895
-0.2147283
1.390835
0.2191608
0.09054612
1.357951
-0.2123656
0.5971767
1.416609
-0.2014403
0.7050434
1.402592
-0.3501455
0.4737641
1.422872
-0.4122149
0.2845364
1.423286
-0.218678
0.3420625
1.313232
-0.1856698
0.3566557
1.304081
-0.04364685
0.486196
1.468345
0.01537959
0.2979353
1.469514
-0.1534844
0.3354771
1.318139
-0.1981949
0.3548521
1.298987
0.170511
-0.2093803
1.330638
0.146018
-0.4645177
1.325763
-0.1877209
-0.6828082
1.420396
-0.1085973
-0.7191094
1.343287
0.2602561
-0.2100858
1.386165
0.4508013
-0.3974357
1.438741
0.446446
-0.7050484
1.555691
0.5169737
-0.7190173
1.501227
0.21676
0.3108256
1.324994
0.4209458
0.2072382
1.306431
0.3638729
0.2189355
1.276645
0.1642534
-0.198718
1.242693
0.1329454
-0.1301949
1.226658
0.2560002
-0.2781048
1.407759
0.2485735
0.01994615
1.375062
-0.2123656
0.5971767
1.416609
-0.2014403
0.7050434
1.402592
-0.3501455
0.4737641
1.422872
-0.4122149
0.2845364
1.423286
-0.218678
0.3420625
1.313232
-0.1856698
0.3566557
1.304081
-0.04364685
0.486196
1.468345
0.01537959
0.2979353
1.469514
-0.1534844
0.3354771
1.318139
-0.1981949
0.3548521
1.298987
0.2071253
-0.2758866
1.352356
0.1692302
-0.5424056
1.349876
-0.188343
-0.6818893
1.41632
-0.1878918
-0.7532935
1.370157
0.2931117
-0.2676742
1.399132
0.4899926
-0.4275402
1.441252
0.4443705
-0.7302671
1.562931
0.5161052
-0.7171788
1.499557
0.2416474
0.2359385
1.342183
0.4406274
0.1426373
1.320128
0.3778735
0.1523579
1.294713
0.2121981
-0.2917463
1.252417
0.1828324
-0.1993666
1.241877
0.2720587
-0.3520693
1.415123
0.2659824
-0.04347185
1.386053
-0.2123656
0.5971767
1.416609
-0.2014403
0.7050434
1.402592
-0.3501455
0.4737641
1.422872
-0.4122149
0.2845364
1.423286
-0.218678
0.3420625
1.313232
-0.1856698
0.3566557
1.304081
-0.04364685
0.486196
1.468345
0.01537959
0.2979353
1.469514
-0.1534844
0.3354771
1.318139
-0.1981949
0.3548521
1.298987
0.2211776
-0.3466931
1.357489
0.1828583
-0.5948426
1.36303
-0.1717736
-0.6647308
1.412354
-0.1839956
-0.7360392
1.372467
0.3106885
-0.3418232
1.40955
0.5268821
-0.4464549
1.445881
0.461713
-0.7443617
1.571012
0.5234901
-0.7125263
1.49435
0.2598941
0.1806706
1.355331
0.4400395
0.1126588
1.348588
0.3913346
0.06460705
1.356842
0.192421
-0.3233712
1.276768
0.2922518
-0.3080583
1.240764
0.2726371
-0.3658361
1.418036
0.2702728
-0.06002271
1.389281
-0.2123656
0.5971767
1.416609
-0.2014403
0.7050434
1.402592
-0.3501455
0.4737641
1.422872
-0.4122149
0.2845364
1.423286
-0.218678
0.3420625
1.313232
-0.1856698
0.3566557
1.304081
-0.04364685
0.486196
1.468345
0.01537959
0.2979353
1.469514
-0.1534844
0.3354771
1.318139
-0.1981949
0.3548521
1.298987
0.2215861
-0.3598076
1.357998
0.1776284
-0.6072334
1.36132
-0.1619061
-0.6639866
1.413197
-0.1864136
-0.7320226
1.372373
0.3114594
-0.3556922
1.415018
0.532663
-0.4533287
1.446221
0.4631331
-0.7484568
1.575232
0.5203272
-0.7120557
1.494291
0.2672837
0.1619832
1.359264
0.4469487
0.101724
1.356738
0.4054992
0.03692256
1.369231
0.2098864
-0.290939
1.284698
0.2981885
-0.272292
1.240837
0.280784
-0.3743658
1.422521
0.2737534
-0.06344473
1.391685
-0.2123656
0.5971767
1.416609
-0.2014403
0.7050434
1.402592
-0.3501455
0.4737641
1.422872
-0.4122149
0.2845364
1.423286
-0.218678
0.3420625
1.313232
-0.1856698
0.3566557
1.304081
-0.04364685
0.486196
1.468345
0.01537959
0.2979353
1.469514
-0.1534844
0.3354771
1.318139
-0.1981949
0.3548521
1.298987
0.2308259
-0.3723725
1.381915
0.1790817
-0.6215556
1.358527
-0.1607551
-0.6639542
1.412937
-0.1855077
-0.7318382
1.371563
0.3227366
-0.366088
1.40749
0.5416464
-0.4584608
1.450892
0.4669276
-0.7526422
1.57946
0.5182021
-0.7102346
1.494638
0.2688144
0.1603763
1.360766
0.4503449
0.119368
1.36562
0.4047514
0.0608759
1.3535
0.2092461
-0.2808353
1.284518
0.3006454
-0.2630516
1.238818
0.2653297
-0.307913
1.423344
0.2641149
-0.01103244
1.391214
-0.2123656
0.5971767
1.416609
-0.2014403
0.7050434
1.402592
-0.3501455
0.4737641
1.422872
-0.4122149
0.2845364
1.423286
-0.218678
0.3420625
1.313232
-0.1856698
0.3566557
1.304081
-0.04364685
0.486196
1.468345
0.01537959
0.2979353
1.469514
-0.1534844
0.3354771
1.318139
-0.1981949
0.3548521
1.298987
0.2163847
-0.3047062
1.365337
0.1801006
-0.5719932
1.363141
-0.1819841
-0.6760983
1.411618
-0.1772183
-0.7485086
1.370626
0.3024872
-0.2973161
1.41757
0.5120437
-0.4435818
1.442572
0.4430919
-0.7406147
1.567881
0.5180321
-0.7164693
1.502962
0.2615163
0.2049105
1.358811
0.4602096
0.1404925
1.334426
0.3981575
0.08773044
1.320857
0.2006462
-0.2983996
1.272123
0.2470482
-0.3031312
1.255222
0.2194237
-0.2212253
1.410595
0.2251613
0.07966347
1.376719
-0.2123656
0.5971767
1.416609
-0.2014403
0.7050434
1.402592
-0.3501455
0.4737641
1.422872
-0.4122149
0.2845364
1.423286
-0.218678
0.3420625
1.313232
-0.1856698
0.3566557
1.304081
-0.04364685
0.486196
1.468345
0.01537959
0.2979353
1.469514
-0.1534844
0.3354771
1.318139
-0.1981949
0.3548521
1.298987
0.1712
-0.214552
1.347587
0.1527463
-0.4816294
1.342053
-0.1983641
-0.6888334
1.4173
-0.2153184
-0.7576413
1.371441
0.2574265
-0.2176154
1.408659
0.4650943
-0.4109765
1.44429
0.4545349
-0.7195345
1.558642
0.5256426
-0.7179176
1.496199
0.2277415
0.2972844
1.343146
0.4211879
0.2413539
1.346926
0.3668117
0.2031468
1.313611
0.1591044
-0.2069473
1.256773
0.1810748
-0.2158829
1.2404
0.179948
-0.1320923
1.395817
0.1875074
0.1719341
1.360162
-0.2123656
0.5971767
1.416609
-0.2014403
0.7050434
1.402592
-0.3501455
0.4737641
1.422872
-0.4122149
0.2845364
1.423286
-0.218678
0.3420625
1.313232
-0.1856698
0.3566557
1.304081
-0.04364685
0.486196
1.468345
0.01537959
0.2979353
1.469514
-0.1534844
0.3354771
1.318139
-0.1981949
0.3548521
1.298987
0.1300208
-0.126645
1.334305
0.0960282
-0.3959732
1.326745
-0.21237
-0.6894946
1.424246
-0.2166037
-0.7620655
1.39005
0.2212668
-0.131274
1.391726
0.4169519
-0.3838221
1.456866
0.4489838
-0.6965675
1.555683
0.5157707
-0.7184773
1.499562
0.1917888
0.3908696
1.325714
0.3741735
0.3386817
1.342369
0.3200635
0.2847941
1.30148
0.102748
-0.1201012
1.241195
0.1346467
-0.1299642
1.217286
0.1601186
-0.0837156
1.376233
0.1667853
0.2237564
1.344453
-0.2123656
0.5971767
1.416609
-0.2014403
0.7050434
1.402592
-0.3501455
0.4737641
1.422872
-0.4122149
0.2845364
1.423286
-0.218678
0.3420625
1.313232
-0.1856698
0.3566557
1.304081
-0.04364685
0.486196
1.468345
0.01537959
0.2979353
1.469514
-0.1534844
0.3354771
1.318139
-0.1981949
0.3548521
1.298987
0.1095513
-0.07732894
1.316463
0.03738565
-0.3543642
1.32546
-0.2110064
-0.6596189
1.417237
-0.21484
-0.7319911
1.400186
0.2021427
-0.08377539
1.368809
0.3672854
-0.3622334
1.463404
0.4283417
-0.6732835
1.554517
0.4896746
-0.7103018
1.507136
0.1698231
0.4445302
1.312272
0.3460248
0.3841927
1.3118
0.294665
0.3338249
1.279
0.06988601
-0.06580336
1.230556
0.1429028
-0.01418234
1.1848
0.1415216
-0.06207521
1.365557
0.1474794
0.2496091
1.334993
-0.2123656
0.5971767
1.416609
-0.2014403
0.7050434
1.402592
-0.3501455
0.4737641
1.422872
-0.4122149
0.2845364
1.423286
-0.218678
0.3420625
1.313232
-0.1856698
0.3566557
1.304081
-0.04364685
0.486196
1.468345
0.01537959
0.2979353
1.469514
-0.1534844
0.3354771
1.318139
-0.1981949
0.3548521
1.298987
0.09213908
-0.0568996
1.305013
-0.05035492
-0.3460466
1.339631
-0.2401131
-0.6484112
1.419427
-0.2176265
-0.7200277
1.398914
0.1839779
-0.06412295
1.359967
0.3109415
-0.3561202
1.469358
0.4171421
-0.6571885
1.552853
0.4816744
-0.7071143
1.509696
0.1507256
0.4732737
1.304769
0.3212195
0.398634
1.28436
0.2626429
0.3425826
1.300708
0.04823386
-0.03700699
1.220575
0.1423155
-0.0004706679
1.194393
0.1266973
-0.04827163
1.365212
0.1310017
0.2580627
1.333801
-0.2123656
0.5971767
1.416609
-0.2014403
0.7050434
1.402592
-0.3501455
0.4737641
1.422872
-0.4122149
0.2845364
1.423286
-0.218678
0.3420625
1.313232
-0.1856698
0.3566557
1.304081
-0.04364685
0.486196
1.468345
0.01537959
0.2979353
1.469514
-0.1534844
0.3354771
1.318139
-0.1981949
0.3548521
1.298987
0.07944342
-0.04840863
1.30887
-0.08843305
-0.3291836
1.336305
-0.2542874
-0.6277004
1.414005
-0.2224458
-0.7214929
1.401698
0.1670624
-0.04492891
1.35556
0.2921043
-0.3392773
1.463867
0.4077017
-0.6376563
1.545531
0.4770692
-0.7050822
1.509272
0.1326453
0.477762
1.302927
0.3025603
0.4013667
1.275027
0.3172238
0.3238562
1.291112
0.3004735
0.2032288
1.537421
0.2799047
0.2166743
1.501