0.06077899
-0.2232344
1.960951
0.05702951
0.06077274
1.951773
0.04885092
0.3225713
1.95302
0.0607671
0.4563915
1.945034
-0.07584608
0.2032643
1.88952
-0.1527969
0.2240821
1.689774
-0.1936213
0.2455444
1.499236
-0.3802652
0.4119735
0.5681535
0.2034806
0.2205294
1.91374
0.297337
0.2279202
1.703762
0.3645307
0.2454068
1.52097
1.553923
0.3873989
0.1836996
-0.01134545
-0.2199206
1.926185
-0.1123974
-0.5586446
1.897107
-0.1837052
-1.025365
2.019687
-0.1786305
-1.073288
1.905187
0.1310141
-0.219709
1.935149
0.2343826
-0.5525814
1.909989
0.2845866
-0.991011
2.036368
0.3029441
-1.038211
1.923664
0.05454871
0.248945
1.954074
1.957766
-0.2029692
0.1826528
1.321717
-0.2054157
0.2317428
1.429818
0.4217757
0.1593856
1.425188
0.3533969
0.15521
0.05738901
-0.257645
1.979403
0.05702951
0.06077274
1.951773
0.04885092
0.3225713
1.95302
0.0607671
0.4563915
1.945034
-0.07584608
0.2032643
1.88952
-0.1527969
0.2240821
1.689774
-0.1936213
0.2455444
1.499236
-0.3802652
0.4119735
0.5681535
0.2034806
0.2205294
1.91374
0.297337
0.2279202
1.703762
0.3645307
0.2454068
1.52097
1.553923
0.3873989
0.1836996
-0.01421891
-0.2529559
1.945148
-0.1278536
-0.5630215
1.879858
-0.1837052
-1.025365
2.019687
-0.1786305
-1.073288
1.905187
0.1272103
-0.2544489
1.953112
0.2455644
-0.553615
1.896032
0.2845866
-0.991011
2.036368
0.3029441
-1.038211
1.923664
0.05732467
0.214155
1.951632
1.957766
-0.2029692
0.1826528
1.321717
-0.2054157
0.2317428
1.429818
0.4217757
0.1593856
1.425188
0.3533969
0.15521
0.05672402
-0.2728497
1.985359
0.05702951
0.06077274
1.951773
0.04885092
0.3225713
1.95302
0.0607671
0.4563915
1.945034
-0.07584608
0.2032643
1.88952
-0.1527969
0.2240821
1.689774
-0.1936213
0.2455444
1.499236
-0.3802652
0.4119735
0.5681535
0.2034806
0.2205294
1.91374
0.297337
0.2279202
1.703762
0.3645307
0.2454068
1.52097
1.553923
0.3873989
0.1836996
-0.01476048
-0.2683004
1.950909
-0.1347218
-0.5660186
1.874814
-0.1837052
-1.025365
2.019687
-0.1786305
-1.073288
1.905187
0.1264579
-0.2690985
1.959324
0.2535194
-0.5603122
1.890383
0.2845866
-0.991011
2.036368
0.3029441
-1.038211
1.923664
0.05749906
0.1930669
1.950743
1.957766
-0.2029692
0.1826528
1.321717
-0.2054157
0.2317428
1.429818
0.4217757
0.1593856
1.425188
0.3533969
0.15521
0.05653297
-0.3164172
2.001062
0.05702951
0.06077274
1.951773
0.04885092
0.3225713
1.95302
0.0607671
0.4563915
1.945034
-0.07584608
0.2032643
1.88952
-0.1527969
0.2240821
1.689774
-0.1936213
0.2455444
1.499236
-0.3802652
0.4119735
0.5681535
0.2034806
0.2205294
1.91374
0.297337
0.2279202
1.703762
0.3645307
0.2454068
1.52097
1.553923
0.3873989
0.1836996
-0.01364764
-0.3109731
1.966369
-0.1530107
-0.590144
1.861127
-0.1837052
-1.025365
2.019687
-0.1786305
-1.073288
1.905187
0.1249471
-0.3123804
1.97549
0.2717711
-0.5884255
1.877496
0.2845866
-0.991011
2.036368
0.3029441
-1.038211
1.923664
0.05499532
0.1441287
1.949023
1.957766
-0.2029692
0.1826528
1.321717
-0.2054157
0.2317428
1.429818
0.4217757
0.1593856
1.425188
0.3533969
0.15521
0.05476313
-0.4143053
2.070266
0.05702951
0.06077274
1.951773
0.04885092
0.3225713
1.95302
0.0607671
0.4563915
1.945034
-0.07584608
0.2032643
1.88952
-0.1527969
0.2240821
1.689774
-0.1936213
0.2455444
1.499236
-0.3802652
0.4119735
0.5681535
0.2034806
0.2205294
1.91374
0.297337
0.2279202
1.703762
0.3645307
0.2454068
1.52097
1.553923
0.3873989
0.1836996
-0.008645286
-0.4084104
2.034794
-0.1844537
-0.6087487
1.824878
-0.1837052
-1.025365
2.019687
-0.1786305
-1.073288
1.905187
0.1165082
-0.4083333
2.045949
0.3169809
-0.5899388
1.843282
0.2845866
-0.991011
2.036368
0.3029441
-1.038211
1.923664
0.05559844
0.046682
1.949521
1.957766
-0.2029692
0.1826528
1.321717
-0.2054157
0.2317428
1.429818
0.4217757
0.1593856
1.425188
0.3533969
0.15521
0.05900356
-0.4854137
2.089362
0.05702951
0.06077274
1.951773
0.04885092
0.3225713
1.95302
0.0607671
0.4563915
1.945034
-0.07584608
0.2032643
1.88952
-0.1527969
0.2240821
1.689774
-0.1936213
0.2455444
1.499236
-0.3802652
0.4119735
0.5681535
0.2034806
0.2205294
1.91374
0.297337
0.2279202
1.703762
0.3645307
0.2454068
1.52097
1.553923
0.3873989
0.1836996
-0.002572768
-0.4797906
2.055543
-0.1980189
-0.6112825
1.806037
-0.1837052
-1.025365
2.019687
-0.1786305
-1.073288
1.905187
0.1188928
-0.4772193
2.063743
0.3329718
-0.6091406
1.834105
0.2845866
-0.991011
2.036368
0.3029441
-1.038211
1.923664
0.05804244
-0.04132476
1.945787
1.957766
-0.2029692
0.1826528
1.321717
-0.2054157
0.2317428
1.429818
0.4217757
0.1593856
1.425188
0.3533969
0.15521
0.057782
-0.5311746
2.100278
0.05702951
0.06077274
1.951773
0.04885092
0.3225713
1.95302
0.0607671
0.4563915
1.945034
-0.07584608
0.2032643
1.88952
-0.1527969
0.2240821
1.689774
-0.1936213
0.2455444
1.499236
-0.3802652
0.4119735
0.5681535
0.2034806
0.2205294
1.91374
0.297337
0.2279202
1.703762
0.3645307
0.2454068
1.52097
1.553923
0.3873989
0.1836996
-0.004401741
-0.5248771
2.066457
-0.2009873
-0.6262266
1.802373
-0.1837052
-1.025365
2.019687
-0.1786305
-1.073288
1.905187
0.1182917
-0.522585
2.074887
0.3388864
-0.6151575
1.830225
0.2845866
-0.991011
2.036368
0.3029441
-1.038211
1.923664
0.05747881
-0.09896796
1.940884
1.957766
-0.2029692
0.1826528
1.321717
-0.2054157
0.2317428
1.429818
0.4217757
0.1593856
1.425188
0.3533969
0.15521
0.05934887
-0.5792191
2.111603
0.05702951
0.06077274
1.951773
0.04885092
0.3225713
1.95302
0.0607671
0.4563915
1.945034
-0.07584608
0.2032643
1.88952
-0.1527969
0.2240821
1.689774
-0.1936213
0.2455444
1.499236
-0.3802652
0.4119735
0.5681535
0.2034806
0.2205294
1.91374
0.297337
0.2279202
1.703762
0.3645307
0.2454068
1.52097
1.553923
0.3873989
0.1836996
-0.003277302
-0.5706711
2.077518
-0.205188
-0.6343056
1.804351
-0.1837052
-1.025365
2.019687
-0.1786305
-1.073288
1.905187
0.1203156
-0.5716017
2.086819
0.3408811
-0.6295363
1.829865
0.2845866
-0.991011
2.036368
0.3029441
-1.038211
1.923664
0.05568252
-0.1588476
1.941902
1.957766
-0.2029692
0.1826528
1.321717
-0.2054157
0.2317428
1.429818
0.4217757
0.1593856
1.425188
0.3533969
0.15521
0.05916771
-0.5991599
2.115462
0.05702951
0.06077274
1.951773
0.04885092
0.3225713
1.95302
0.0607671
0.4563915
1.945034
-0.07584608
0.2032643
1.88952
-0.1527969
0.2240821
1.689774
-0.1936213
0.2455444
1.499236
-0.3802652
0.4119735
0.5681535
0.2034806
0.2205294
1.91374
0.297337
0.2279202
1.703762
0.3645307
0.2454068
1.52097
1.553923
0.3873989
0.1836996
-0.003353243
-0.5893975
2.082031
-0.2064475
-0.6390143
1.806392
-0.1837052
-1.025365
2.019687
-0.1786305
-1.073288
1.905187
0.1200331
-0.592359
2.090155
0.3413102
-0.6334301
1.829909
0.2845866
-0.991011
2.036368
0.3029441
-1.038211
1.923664
0.06036662
-0.1811827
1.944669
1.957766
-0.2029692
0.1826528
1.321717
-0.2054157
0.2317428
1.429818
0.4217757
0.1593856
1.425188
0.3533969
0.15521
0.06338056
-0.647678
2.120432
0.05702951
0.06077274
1.951773
0.04885092
0.3225713
1.95302
0.0607671
0.4563915
1.945034
-0.07584608
0.2032643
1.88952
-0.1527969
0.2240821
1.689774
-0.1936213
0.2455444
1.499236
-0.3802652
0.4119735
0.5681535
0.2034806
0.2205294
1.91374
0.297337
0.2279202
1.703762
0.3645307
0.2454068
1.52097
1.553923
0.3873989
0.1836996
0.00165432
-0.6360546
2.086719
-0.2073026
-0.649552
1.810552
-0.1837052
-1.025365
2.019687
-0.1786305
-1.073288
1.905187
0.1233624
-0.641351
2.095661
0.3424887
-0.6462461
1.829098
0.2845866
-0.991011
2.036368
0.3029441
-1.038211
1.923664
0.06146115
-0.2254032
1.946108
1.957766
-0.2029692
0.1826528
1.321717
-0.2054157
0.2317428
1.429818
0.4217757
0.1593856
1.425188
0.3533969
0.15521
0.06338302
-0.6762518
2.120007
0.05702951
0.06077274
1.951773
0.04885092
0.3225713
1.95302
0.0607671
0.4563915
1.945034
-0.07584608
0.2032643
1.88952
-0.1527969
0.2240821
1.689774
-0.1936213
0.2455444
1.499236
-0.3802652
0.4119735
0.5681535
0.2034806
0.2205294
1.91374
0.297337
0.2279202
1.703762
0.3645307
0.2454068
1.52097
1.553923
0.3873989
0.1836996
0.00193339
-0.6673772
2.086602
-0.206248
-0.6533688
1.809157
-0.1837052
-1.025365
2.019687
-0.1786305
-1.073288
1.905187
0.123108
-0.6666142
2.095275
0.3413113
-0.6536674
1.827706
0.2845866
-0.991011
2.036368
0.3029441
-1.038211
1.923664
0.05855608
-0.2641561
1.946878
1.957766
-0.2029692
0.1826528
1.321717
-0.2054157
0.2317428
1.429818
0.4217757
0.1593856
1.425188
0.3533969
0.15521
0.0674857
-0.7055371
2.120591
0.05702951
0.06077274
1.951773
0.04885092
0.3225713
1.95302
0.0607671
0.4563915
1.945034
-0.07584608
0.2032643
1.88952
-0.1527969
0.2240821
1.689774
-0.1936213
0.2455444
1.499236
-0.3802652
0.4119735
0.5681535
0.2034806
0.2205294
1.91374
0.297337
0.2279202
1.703762
0.3645307
0.2454068
1.52097
1.553923
0.3873989
0.1836996
0.005825412
-0.6992921
2.086063
-0.2022289
-0.6562656
1.810983
-0.1837052
-1.025365
2.019687
-0.1786305
-1.073288
1.905187
0.1272714
-0.6928149
2.097076
0.3405366
-0.6579082
1.826701
0.2845866
-0.991011
2.036368
0.3029441
-1.038211
1.923664
0.05744318
-0.292129
1.948169
1.957766
-0.2029692
0.1826528
1.321717
-0.2054157
0.2317428
1.429818
0.4217757
0.1593856
1.425188
0.3533969
0.15521
0.06896221
-0.7194575
2.120544
0.05702951
0.06077274
1.951773
0.04885092
0.3225713
1.95302
0.0607671
0.4563915
1.945034
-0.07584608
0.2032643
1.88952
-0.1527969
0.2240821
1.689774
-0.1936213
0.2455444
1.499236
-0.3802652
0.4119735
0.5681535
0.2034806
0.2205294
1.91374
0.297337
0.2279202
1.703762
0.3645307
0.2454068
1.52097
1.553923
0.3873989
0.1836996
0.00726578
-0.7137806
2.085264
-0.2014696
-0.6628392
1.812007
-0.1837052
-1.025365
2.019687
-0.1786305
-1.073288
1.905187
0.1287463
-0.7058618
2.097912
0.3413719
-0.6619225
1.828187
0.2845866
-0.991011
2.036368
0.3029441
-1.038211
1.923664
0.05973999
-0.3084436
1.950704
1.957766
-0.2029692
0.1826528
1.321717
-0.2054157
0.2317428
1.429818
0.4217757
0.1593856
1.425188
0.3533969
0.15521
0.06902689
-0.7195908
2.120659
0.05702951
0.06077274
1.951773
0.04885092
0.3225713
1.95302
0.0607671
0.4563915
1.945034
-0.07584608
0.2032643
1.88952
-0.1527969
0.2240821
1.689774
-0.1936213
0.2455444
1.499236
-0.3802652
0.4119735
0.5681535
0.2034806
0.2205294
1.91374
0.297337
0.2279202
1.703762
0.3645307
0.2454068
1.52097
1.553923
0.3873989
0.1836996
0.007284357
-0.7138216
2.085311
-0.201464
-0.6632594
1.812
-0.1837052
-1.025365
2.019687
-0.1786305
-1.073288
1.905187
0.1288801
-0.706102
2.09813
0.341545
-0.6622154
1.828434
0.2845866
-0.991011
2.036368
0.3029441
-1.038211
1.923664
0.06017281
-0.3088644
1.950602
1.957766
-0.2029692
0.1826528
1.321717
-0.2054157
0.2317428
1.429818
0.4217757
0.1593856
1.425188
0.3533969
0.15521
0.06556723
-0.715493
2.12336
0.05702951
0.06077274
1.951773
0.04885092
0.3225713
1.95302
0.0607671
0.4563915
1.945034
-0.07584608
0.2032643
1.88952
-0.1527969
0.2240821
1.689774
-0.1936213
0.2455444
1.499236
-0.3802652
0.4119735
0.5681535
0.2034806
0.2205294
1.91374
0.297337
0.2279202
1.703762
0.3645307
0.2454068
1.52097
1.553923
0.3873989
0.1836996
0.003276705
-0.7077256
2.088851
-0.2026169
-0.663695
1.812196
-0.1837052
-1.025365
2.019687
-0.1786305
-1.073288
1.905187
0.1259615
-0.7035578
2.100258
0.3398514
-0.6618021
1.831296
0.2845866
-0.991011
2.036368
0.3029441
-1.038211
1.923664
0.05948569
-0.3052409
1.950827
1.957766
-0.2029692
0.1826528
1.321717
-0.2054157
0.2317428
1.429818
0.4217757
0.1593856
1.425188
0.3533969
0.15521
0.05696813
-0.6864188
2.131717
0.05702951
0.06077274
1.951773
0.04885092
0.3225713
1.95302
0.0607671
0.4563915
1.945034
-0.07584608
0.2032643
1.88952
-0.1527969
0.2240821
1.689774
-0.1936213
0.2455444
1.499236
-0.3802652
0.4119735
0.5681535
0.2034806
0.2205294
1.91374
0.297337
0.2279202
1.703762
0.3645307
0.2454068
1.52097
1.553923
0.3873989
0.1836996
-0.006232305
-0.6749266
2.098383
-0.2042492
-0.6653834
1.812983
-0.1837052
-1.025365
2.019687
-0.1786305
-1.073288
1.905187
0.1185277
-0.6788501
2.107221
0.3342772
-0.6607169
1.837628
0.2845866
-0.991011
2.036368
0.3029441
-1.038211
1.923664
0.06182621
-0.2730805
1.95136
1.957766
-0.2029692
0.1826528
1.321717
-0.2054157
0.2317428
1.429818
0.4217757
0.1593856
1.425188
0.3533969
0.15521
0.05464947
-0.6514789
2.133613
0.05702951
0.06077274
1.951773
0.04885092
0.3225713
1.95302
0.0607671
0.4563915
1.945034
-0.07584608
0.2032643
1.88952
-0.1527969
0.2240821
1.689774
-0.1936213
0.2455444
1.499236
-0.3802652
0.4119735
0.5681535
0.2034806
0.2205294
1.91374
0.297337
0.2279202
1.703762
0.3645307
0.2454068
1.52097
1.553923
0.3873989
0.1836996
-0.007452568
-0.642865
2.09922
-0.2047794
-0.6646416
1.814775
-0.1837052
-1.025365
2.019687
-0.1786305
-1.073288
1.905187
0.1151956
-0.6422131
2.109723
0.3317576
-0.6543775
1.84125
0.2845866
-0.991011
2.036368
0.3029441
-1.038211
1.923664
0.06006482
-0.2280033
1.951592
1.957766
-0.2029692
0.1826528
1.321717
-0.2054157
0.2317428
1.429818
0.4217757
0.1593856
1.425188
0.3533969
0.15521
0.05478232
-0.6084775
2.129747
0.05702951
0.06077274
1.951773
0.04885092
0.3225713
1.95302
0.0607671
0.4563915
1.945034
-0.07584608
0.2032643
1.88952
-0.1527969
0.2240821
1.689774
-0.1936213
0.2455444
1.499236
-0.3802652
0.4119735
0.5681535
0.2034806
0.2205294
1.91374
0.297337
0.2279202
1.703762
0.3645307
0.2454068
1.52097
1.553923
0.3873989
0.1836996
-0.007033745
-0.6001489
2.093901
-0.207313
-0.6486017
1.815869
-0.1837052
-1.025365
2.019687
-0.1786305
-1.073288
1.905187
0.1151703
-0.5999239
2.106928
0.3327939
-0.6372408
1.842539
0.2845866
-0.991011
2.036368
0.3029441
-1.038211
1.923664
0.05544817
-0.2078705
1.954314
1.957766
-0.2029692
0.1826528
1.321717
-0.2054157
0.2317428
1.429818
0.4217757
0.1593856
1.425188
0.3533969
0.15521
0.05720079
-0.4644766
2.110362
0.05702951
0.06077274
1.951773
0.04885092
0.3225713
1.95302
0.0607671
0.4563915
1.945034
-0.07584608
0.2032643
1.88952
-0.1527969
0.2240821
1.689774
-0.1936213
0.2455444
1.499236
-0.3802652
0.4119735
0.5681535
0.2034806
0.2205294
1.91374
0.297337
0.2279202
1.703762
0.3645307
0.2454068
1.52097
1.553923
0.3873989
0.1836996
-0.004479819
-0.4638546
2.072889
-0.1983932
-0.6112765
1.832517
-0.1837052
-1.025365
2.019687
-0.1786305
-1.073288
1.905187
0.117848
-0.4511932
2.088263
0.3256017
-0.5943534
1.859657
0.2845866
-0.991011
2.036368
0.3029441
-1.038211
1.923664
0.04902571
-0.02386554
1.946509
1.957766
-0.2029692
0.1826528
1.321717
-0.2054157
0.2317428
1.429818
0.4217757
0.1593856
1.425188
0.3533969
0.15521
0.05224411
-0.4100846
2.098621
0.05702951
0.06077274
1.951773
0.04885092
0.3225713
1.95302
0.0607671
0.4563915
1.945034
-0.07584608
0.2032643
1.88952
-0.1527969
0.2240821
1.689774
-0.1936213
0.2455444
1.499236
-0.3802652
0.4119735
0.5681535
0.2034806
0.2205294
1.91374
0.297337
0.2279202
1.703762
0.3645307
0.2454068
1.52097
1.553923
0.3873989
0.1836996
-0.00936654
-0.4063872
2.061052
-0.1922524
-0.5915733
1.841794
-0.1837052
-1.025365
2.019687
-0.1786305
-1.073288
1.905187
0.1123448
-0.4018168
2.076393
0.318831
-0.5731475
1.869913
0.2845866
-0.991011
2.036368
0.3029441
-1.038211
1.923664
0.04133348
0.0437177
1.949609
1.957766
-0.2029692
0.1826528
1.321717
-0.2054157
0.2317428
1.429818
0.4217757
0.1593856
1.425188
0.3533969
0.15521
0.0527111
-0.3661841
2.09088
0.05702951
0.06077274
1.951773
0.04885092
0.3225713
1.95302
0.0607671
0.4563915
1.945034
-0.07584608
0.2032643
1.88952
-0.1527969
0.2240821
1.689774
-0.1936213
0.2455444
1.499236
-0.3802652
0.4119735
0.5681535
0.2034806
0.2205294
1.91374
0.297337
0.2279202
1.703762
0.3645307
0.2454068
1.52097
1.553923
0.3873989
0.1836996
-0.008013699
-0.362933
2.051924
-0.1871535
-0.5674996
1.849441
-0.1837052
-1.025365
2.019687
-0.1786305
-1.073288
1.905187
0.1119004
-0.3589042
2.069738
0.3095732
-0.5556713
1.88044
0.2845866
-0.991011
2.036368
0.3029441
-1.038211
1.923664
0.03566715
0.1018192
1.951958
1.957766
-0.2029692
0.1826528
1.321717
-0.2054157
0.2317428
1.429818
0.4217757
0.1593856
1.425188
0.3533969
0.15521
0.04841638
-0.3035062
2.071584
0.05702951
0.06077274
1.951773
0.04885092
0.3225713
1.95302
0.0607671
0.4563915
1.945034
-0.07584608
0.2032643
1.88952
-0.1527969
0.2240821
1.689774
-0.1936213
0.2455444
1.499236
-0.3802652
0.4119735
0.5681535
0.2034806
0.2205294
1.91374
0.297337
0.2279202
1.703762
0.3645307
0.2454068
1.52097
1.553923
0.3873989
0.1836996
-0.0129222
-0.3010343
2.032508
-0.1750739
-0.5421467
1.863401
-0.1837052
-1.025365
2.019687
-0.1786305
-1.073288
1.905187
0.1083487
-0.2970428
2.050213
0.2918539
-0.5277193
1.892111
0.2845866
-0.991011
2.036368
0.3029441
-1.038211
1.923664
0.0347781
0.1713938
1.954553
1.957766
-0.2029692
0.1826528
1.321717
-0.2054157
0.2317428
1.429818
0.4217757
0.1593856
1.425188
0.3533969
0.15521
0.04711897
-0.2688003
2.057826
0.05702951
0.06077274
1.951773
0.04885092
0.3225713
1.95302
0.0607671
0.4563915
1.945034
-0.07584608
0.2032643
1.88952
-0.1527969
0.2240821
1.689774
-0.1936213
0.2455444
1.499236
-0.3802652
0.4119735
0.5681535
0.2034806
0.2205294
1.91374
0.297337
0.2279202
1.703762
0.3645307
0.2454068
1.52097
1.553923
0.3873989
0.1836996
-0.01622244
-0.2663214
2.019047
-0.167356
-0.5281947
1.877777
-0.1837052
-1.025365
2.019687
-0.1786305
-1.073288
1.905187
0.1090616
-0.2633284
2.036067
0.2800176
-0.5159785
1.904863
0.2845866
-0.991011
2.036368
0.3029441
-1.038211
1.923664
0.0354964
0.2057804
1.957268
1.957766
-0.2029692
0.1826528
1.321717
-0.2054157
0.2317428
1.429818
0.4217757
0.1593856
1.425188
0.3533969
0.15521
0.04360813
-0.2460597
2.048299
0.05702951
0.06077274
1.951773
0.04885092
0.3225713
1.95302
0.0607671
0.4563915
1.945034
-0.07584608
0.2032643
1.88952
-0.1527969
0.2240821
1.689774
-0.1936213
0.2455444
1.499236
-0.3802652
0.4119735
0.5681535
0.2034806
0.2205294
1.91374
0.297337
0.2279202
1.703762
0.3645307
0.2454068
1.52097
1.553923
0.3873989
0.1836996
-0.01966212
-0.2426271
2.009249
-0.1631067
-0.516551
1.888737
-0.1837052
-1.025365
2.019687
-0.1786305
-1.073288
1.905187
0.1055772
-0.2421559
2.026675
0.2707711
-0.5054354
1.914732
0.2845866
-0.991011
2.036368
0.3029441
-1.038211
1.923664
0.03508656
0.2190679
1.95809
1.957766
-0.2029692
0.1826528
1.321717
-0.2054157
0.2317428
1.429818
0.4217757
0.1593856
1.425188
0.3533969
0.15521
0.04682947
-0.2259083
2.005495
0.05702951
0.06077274
1.951773
0.04885092
0.3225713
1.95302
0.0607671
0.4563915
1.945034
-0.07584608
0.2032643
1.88952
-0.1527969
0.2240821
1.689774
-0.1936213
0.2455444
1.499236
-0.3802652
0.4119735
0.5681535
0.2034806
0.2205294
1.91374
0.297337
0.2279202
1.703762
0.3645307
0.2454068
1.52097
1.553923
0.3873989
0.1836996
-0.01520557
-0.223753
1.962612
-0.1558196
-0.511959
1.910891
-0.1837052
-1.025365
2.019687
-0.1786305
-1.073288
1.905187
0.1075764
-0.2213553
1.987384
0.2680005
-0.4982469
1.936651
0.2845866
-0.991011
2.036368
0.3029441
-1.038211
1.923664
0.03663235
0.2457637
1.956776
1.957766
-0.2029692
0.1826528
1.321717
-0.2054157
0.2317428
1.429818
0.4217757
0.1593856
1.425188
0.3533969
0.15521
0.05040936
-0.2136464
1.9872
0.05702951
0.06077274
1.951773
0.04885092
0.3225713
1.95302
0.0607671
0.4563915
1.945034
-0.07584608
0.2032643
1.88952
-0.1527969
0.2240821
1.689774
-0.1936213
0.2455444
1.499236
-0.3802652
0.4119735
0.5681535
0.2034806
0.2205294
1.91374
0.297337
0.2279202
1.703762
0.3645307
0.2454068
1.52097
1.553923
0.3873989
0.1836996
-0.01872642
-0.2125281
1.948066
-0.1217416
-0.558095
1.932485
-0.1837052
-1.025365
2.019687
-0.1786305
-1.073288
1.905187
0.1193506
-0.2075299
1.964355
0.2232973
-0.5533997
1.94692
0.2845866
-0.991011
2.036368
0.3029441
-1.038211
1.923664
0.03671389
0.2536306
1.955336
1.957766
-0.2029692
0.1826528
1.321717
-0.2054157
0.2317428
1.429818
0.4217757
0.1593856
1.425188
0.3533969
0.15521
0.05284486
-0.2097811
1.978841
0.05702951
0.06077274
1.951773
0.04885092
0.3225713
1.95302
0.0607671
0.4563915
1.945034
-0.07584608
0.2032643
1.88952
-0.1527969
0.2240821
1.689774
-0.1936213
0.2455444
1.499236
-0.3802652
0.4119735
0.5681535
0.2034806
0.2205294
1.91374
0.297337
0.2279202
1.703762
0.3645307
0.2454068
1.52097
1.553923
0.3873989
0.1836996
-0.01830074
-0.2079271
1.941085
-0.1137748
-0.5576296
1.940221
-0.1837052
-1.025365
2.019687
-0.1786305
-1.073288
1.905187
0.12311
-0.2051035
1.955393
0.2215646
-0.5532992
1.949682
0.2845866
-0.991011
2.036368
0.3029441
-1.038211
1.923664
0.03818862
0.2583256
1.955533
1.957766
-0.2029692
0.1826528
1.321717
-0.2054157
0.2317428
1.429818
0.4217757
0.1593856
1.425188
0.3533969
0.15521
0.05463282
-0.2078654
1.97591
0.05702951
0.06077274
1.951773
0.04885092
0.3225713
1.95302
0.0607671
0.4563915
1.945034
-0.07584608
0.2032643
1.88952
-0.1527969
0.2240821
1.689774
-0.1936213
0.2455444
1.499236
-0.3802652
0.4119735
0.5681535
0.2034806
0.2205294
1.91374
0.297337
0.2279202
1.703762
0.3645307
0.2454068
1.52097
1.553923
0.3873989
0.1836996
-0.01683484
-0.2060494
1.938572
-0.1104667
-0.5563927
1.944046
-0.1837052
-1.025365
2.019687
-0.1786305
-1.073288
1.905187
0.1248737
-0.2033272
1.952308
0.2205976
-0.5537165
1.951931
0.2845866
-0.991011
2.036368
0.3029441
-1.038211
1.923664
0.03882144
0.2596276
1.955638
1.957766
-0.2029692
0.1826528
1.321717
-0.2054157
0.2317428
1.429818
0.4217757
0.1593856
1.425188
0.3533969
0.15521
0.05661336
-0.207559
1.9715
0.05702951
0.06077274
1.951773
0.04885092
0.3225713
1.95302
0.0607671
0.4563915
1.945034
-0.07584608
0.2032643
1.88952
-0.1527969
0.2240821
1.689774
-0.1936213
0.2455444
1.499236
-0.3802652
0.4119735
0.5681535
0.2034806
0.2205294
1.91374
0.297337
0.2279202
1.703762
0.3645307
0.2454068
1.52097
1.553923
0.3873989
0.1836996
-0.01553646
-0.2052927
1.934195
-0.1054892
-0.5571378
1.949685
-0.1837052
-1.025365
2.019687
-0.1786305
-1.073288
1.905187
0.1272907
-0.203485
1.947924
0.2178496
-0.5531386
1.955478
0.2845866
-0.991011
2.036368
0.3029441
-1.038211
1.923664
0.03995266
0.2614118
1.955827
1.957766
-0.2029692
0.1826528
1.321717
-0.2054157
0.2317428
1.429818
0.4217757
0.1593856
1.425188
0.3533969
0.15521
0.0581463
-0.2072877
1.969664
0.05702951
0.06077274
1.951773
0.04885092
0.3225713
1.95302
0.0607671
0.4563915
1.945034
-0.07584608
0.2032643
1.88952
-0.1527969
0.2240821
1.689774
-0.1936213
0.2455444
1.499236
-0.3802652
0.4119735
0.5681535
0.2034806
0.2205294
1.91374
0.297337
0.2279202
1.703762
0.3645307
0.2454068
1.52097
1.553923
0.3873989
0.1836996
-0.01421197
-0.2049768
1.932527
-0.1030937
-0.5581568
1.951796
-0.1837052
-1.025365
2.019687
-0.1786305
-1.073288
1.905187
0.1288931
-0.2032619
1.945948
0.2175834
-0.5548129
1.95731
0.2845866
-0.991011
2.036368
0.3029441
-1.038211
1.923664
0.04297886
0.2652022
1.957798
1.957766
-0.2029692
0.1826528
1.321717
-0.2054157
0.2317428
1.429818
0.4217757
0.1593856
1.425188
0.3533969
0.15521
0.05913607
-0.2071236
1.969251
0.05702951
0.06077274
1.951773
0.04885092
0.3225713
1.95302
0.0607671
0.4563915
1.945034
-0.07584608
0.2032643
1.88952
-0.1527969
0.2240821
1.689774
-0.1936213
0.2455444
1.499236
-0.3802652
0.4119735
0.5681535
0.2034806
0.2205294
1.91374
0.297337
0.2279202
1.703762
0.3645307
0.2454068
1.52097
1.553923
0.3873989
0.1836996
-0.01345497
-0.2046946
1.932034
-0.1023851
-0.5578293
1.950519
-0.1837052
-1.025365
2.019687
-0.1786305
-1.073288
1.905187
0.1300998
-0.2032248
1.945659
0.218617
-0.556014
1.956358
0.2845866
-0.991011
2.036368
0.3029441
-1.038211
1.923664
0.04316678
0.2652734
1.9577
1.957766
-0.2029692
0.1826528
1.321717
-0.2054157
0.2317428
1.429818
0.4217757
0.1593856
1.425188
0.3533969
0.15521
0.06125729
-0.2094438
1.972207
0.05702951
0.06077274
1.951773
0.04885092
0.3225713
1.95302
0.0607671
0.4563915
1.945034
-0.07584608
0.2032643
1.88952
-0.1527969
0.2240821
1.689774
-0.1936213
0.2455444
1.499236
-0.3802652
0.4119735
0.5681535
0.2034806
0.2205294
1.91374
0.297337
0.2279202
1.703762
0.3645307
0.2454068
1.52097
1.553923
0.3873989
0.1836996
-0.01088163
-0.2071936
1.935579
-0.105783
-0.5533266
1.928655
-0.1837052
-1.025365
2.019687
-0.1786305
-1.073288
1.905187
0.1316905
-0.2053017
1.948123
0.2319601
-0.5541913
1.936356
0.2845866
-0.991011
2.036368
0.3029441
-1.038211
1.923664
0.04413217
0.263095
1.957766
1.957766
-0.2029692
0.1826528
1.321717
-0.2054157
0.2317428
1.429818
0.4217757
0.1593856
1.425188
0.3533969
0.15521
